NO_OF_FRAMES	6000
NO_OF_DATA_TYPES	3
FREQUENCY	100
TIME_STAMP	2020-09-26, 17:04:27
DATA_INCLUDED	Position
DATA_TYPES	Mass_pos_X	Mass_pos_Y	Mass_pos_Z

Mass_pos_X	Mass_pos_Y	Mass_pos_Z	
93.014	-334.432	306.971
92.954	-334.446	306.917
92.903	-334.385	306.850
92.781	-334.400	306.850
92.664	-334.354	306.836
92.516	-334.370	306.853
92.317	-334.313	306.830
92.224	-334.218	306.852
92.089	-334.100	306.870
92.002	-334.039	306.884
91.882	-334.069	306.972
91.798	-333.995	307.000
91.653	-333.920	307.040
91.574	-333.861	307.069
91.474	-333.810	307.142
91.354	-333.843	307.279
91.308	-333.836	307.355
91.220	-333.869	307.462
91.114	-333.846	307.549
91.022	-333.892	307.663
90.897	-333.828	307.744
90.801	-333.826	307.837
90.707	-333.812	307.966
90.697	-333.794	308.075
90.696	-333.779	308.133
90.716	-333.870	308.246
90.909	-333.831	308.315
91.004	-333.820	308.382
91.252	-333.874	308.430
91.400	-333.892	308.507
91.607	-333.800	308.509
91.890	-333.718	308.542
92.212	-333.705	308.599
92.586	-333.611	308.632
93.114	-333.535	308.669
93.757	-333.507	308.755
94.625	-333.410	308.761
95.734	-333.408	308.771
97.159	-333.341	308.745
98.958	-333.204	308.657
101.226	-332.875	308.592
104.130	-332.379	308.578
107.526	-331.664	308.520
111.640	-330.627	308.501
116.206	-329.375	308.524
121.390	-327.860	308.556
127.123	-325.753	308.489
133.471	-323.207	308.370
140.391	-319.982	308.176
147.902	-316.177	307.774
155.848	-311.623	307.087
164.463	-306.374	306.270
173.393	-300.479	305.172
182.663	-293.763	303.859
192.343	-286.373	302.360
202.263	-278.314	300.695
212.342	-269.554	298.856
222.749	-260.318	296.997
232.612	-250.438	295.020
242.138	-239.897	293.007
250.386	-233.267	291.379
259.504	-215.578	288.771
266.213	-204.084	286.567
272.595	-189.353	284.181
277.915	-174.465	281.611
282.232	-159.445	278.861
285.602	-144.320	275.937
288.084	-129.114	272.845
289.736	-113.855	269.589
290.614	-98.568	266.175
290.777	-83.279	262.608
290.282	-68.013	258.893
289.181	-52.786	255.171
287.545	-37.580	251.341
285.347	-22.293	247.508
282.496	-7.008	243.806
279.107	8.413	240.149
275.262	23.964	236.711
270.875	39.605	233.475
265.966	55.332	230.375
260.583	70.939	227.511
254.747	86.470	224.851
248.297	102.155	222.409
241.229	117.346	220.023
233.536	132.010	217.694
225.209	146.115	215.422
216.242	159.630	213.208
206.626	172.522	211.053
196.354	184.759	208.956
185.418	196.309	206.919
173.810	207.140	204.942
161.523	217.220	203.026
148.549	226.516	201.172
134.880	234.996	199.380
121.610	242.882	197.916
108.944	250.092	196.736
95.674	256.772	195.858
82.388	262.902	195.423
68.893	268.435	195.459
55.450	273.343	195.868
41.997	277.493	196.489
28.546	280.883	197.553
15.267	283.438	198.709
1.925	285.149	200.025
-11.369	285.915	201.525
-24.564	285.800	203.111
-37.763	284.824	204.988
-50.976	282.949	207.051
-64.341	280.139	209.366
-77.726	276.378	211.882
-91.125	271.636	214.615
-104.529	265.882	217.451
-117.731	259.269	220.517
-130.696	251.770	223.707
-142.943	243.508	227.134
-154.918	234.592	230.761
-166.205	225.141	234.488
-176.825	215.266	238.383
-186.668	205.030	242.337
-195.822	194.315	246.408
-204.271	183.224	250.565
-211.933	171.740	254.828
-218.584	159.863	259.210
-224.697	147.507	263.606
-229.969	134.711	268.015
-234.338	121.299	272.278
-238.188	107.519	276.409
-241.826	93.341	280.535
-244.948	79.266	284.670
-247.696	64.949	288.608
-250.231	50.182	292.260
-252.416	35.060	295.722
-253.808	19.719	298.958
-254.423	4.216	301.962
-254.274	-11.391	304.728
-253.375	-27.046	307.250
-251.743	-42.691	309.523
-249.390	-58.269	311.540
-246.333	-73.722	313.296
-242.584	-88.995	314.785
-238.160	-104.028	316.000
-233.074	-118.766	316.937
-227.342	-133.150	317.590
-220.977	-147.124	317.951
-213.994	-160.631	318.017
-206.409	-173.613	317.780
-198.234	-186.013	317.235
-189.486	-197.773	316.376
-180.179	-208.837	315.198
-170.326	-219.148	313.694
-159.944	-228.648	311.858
-149.046	-237.279	309.685
-137.647	-244.986	307.170
-126.047	-252.644	305.010
-114.215	-260.227	302.923
-102.037	-267.750	300.630
-89.564	-275.158	298.153
-76.845	-282.400	295.514
-63.933	-289.422	292.736
-50.876	-296.171	289.841
-37.725	-302.595	286.853
-24.532	-308.640	283.793
-11.345	-314.252	280.683
1.785	-319.381	277.548
14.806	-323.971	274.408
27.453	-326.900	271.388
40.090	-329.113	268.670
52.841	-328.672	265.276
65.772	-325.792	261.300
78.358	-322.060	257.356
90.622	-317.458	253.463
102.523	-312.147	249.646
114.060	-306.195	245.905
125.322	-299.787	242.256
136.394	-292.816	238.704
147.061	-285.429	235.223
157.595	-277.451	231.800
167.899	-269.057	228.462
178.009	-260.065	225.151
187.945	-250.615	221.935
197.691	-240.483	218.812
207.121	-229.794	215.812
216.104	-218.061	212.930
224.595	-205.579	210.308
231.775	-194.732	207.934
239.757	-175.964	205.547
245.485	-163.471	203.658
251.079	-146.312	201.982
255.506	-130.605	200.466
259.223	-114.232	199.136
262.211	-97.726	197.925
264.357	-81.335	196.905
265.863	-64.941	196.069
266.720	-48.668	195.364
266.906	-32.631	194.813
266.509	-16.776	194.435
265.716	-1.048	194.186
264.371	14.332	194.113
262.284	29.764	194.229
259.718	44.996	194.544
256.545	60.115	195.141
252.674	75.348	195.968
248.307	90.456	197.145
243.265	105.671	198.608
237.570	120.577	200.350
231.135	135.473	202.470
224.109	149.940	204.891
216.518	163.930	207.571
208.388	177.395	210.472
199.744	190.287	213.551
190.611	202.558	216.770
181.015	214.160	220.088
170.982	225.046	223.464
160.538	235.167	226.859
149.707	244.476	230.232
138.515	252.924	233.543
126.988	260.464	236.752
115.151	267.048	239.818
103.030	272.627	242.701
90.500	277.483	245.669
77.870	281.563	248.769
65.077	285.081	252.068
52.248	288.001	255.570
39.500	290.281	259.349
26.739	291.958	263.267
14.075	293.004	267.306
1.486	293.355	271.480
-10.904	292.996	275.750
-23.284	291.877	280.036
-35.521	289.891	284.320
-47.674	286.969	288.440
-59.923	283.084	292.334
-72.304	278.234	295.952
-84.565	272.489	299.302
-97.023	265.871	302.373
-109.339	258.548	305.194
-121.425	250.409	307.668
-133.127	241.811	309.978
-144.411	232.546	311.989
-155.179	222.771	313.783
-165.415	212.439	315.392
-175.042	201.712	316.866
-184.002	190.619	318.210
-192.475	178.999	319.466
-200.317	167.102	320.617
-207.549	154.724	321.408
-214.172	141.905	321.850
-220.187	128.686	321.955
-225.596	115.105	321.737
-230.400	101.202	321.207
-234.601	87.019	320.377
-238.199	72.594	319.261
-241.196	57.967	317.869
-243.594	43.179	316.216
-245.393	28.270	314.312
-246.596	13.278	312.170
-247.204	-1.755	309.804
-247.217	-16.791	307.224
-246.638	-31.788	304.443
-245.468	-46.708	301.474
-243.707	-61.510	298.328
-241.359	-76.154	295.019
-238.423	-90.601	291.559
-234.901	-104.810	287.959
-230.794	-118.742	284.233
-226.105	-132.356	280.392
-220.834	-145.613	276.449
-214.983	-158.474	272.416
-208.552	-170.897	268.306
-201.544	-182.843	264.131
-193.960	-194.273	259.902
-185.801	-205.145	255.634
-176.832	-214.690	251.149
-167.331	-222.977	246.410
-157.047	-230.855	241.582
-146.135	-238.555	236.825
-134.983	-245.953	232.091
-123.501	-253.195	227.590
-111.654	-260.247	223.244
-99.576	-267.069	219.291
-87.276	-273.701	215.283
-74.808	-280.076	211.692
-61.763	-286.163	208.062
-48.821	-291.631	204.807
-35.654	-296.573	201.874
-22.249	-300.591	199.127
-9.162	-304.070	196.904
4.376	-306.049	194.761
17.791	-305.661	192.480
31.281	-304.102	190.443
44.675	-301.408	188.680
57.452	-297.504	187.246
70.429	-292.907	186.148
83.171	-287.493	185.325
95.566	-281.206	184.747
107.771	-274.563	184.521
119.743	-267.228	184.450
131.543	-259.463	184.719
143.100	-251.407	185.144
154.541	-243.092	185.808
165.830	-234.168	186.719
176.814	-224.802	187.860
187.506	-215.116	189.264
197.830	-204.699	190.929
207.781	-193.497	192.850
216.674	-184.310	195.292
226.483	-167.137	197.235
233.991	-155.812	199.930
241.279	-140.458	202.602
247.113	-125.788	205.381
252.595	-110.543	208.577
257.435	-94.687	211.999
261.552	-78.494	215.712
264.849	-61.865	219.647
267.379	-45.163	223.725
269.259	-28.535	227.951
270.608	-12.226	232.260
271.267	3.864	236.557
271.253	19.716	240.834
270.583	35.313	245.080
269.276	50.635	249.290
267.347	65.663	253.453
264.815	80.378	257.563
261.696	94.761	261.610
258.008	108.794	265.587
253.768	122.457	269.484
248.992	135.731	273.295
243.699	148.598	277.010
237.905	161.039	280.621
231.628	173.035	284.120
224.885	184.566	287.498
217.693	195.614	290.748
210.069	206.161	293.862
202.030	216.186	296.830
193.594	225.672	299.644
184.778	234.599	302.297
175.599	242.948	304.779
166.074	250.701	307.084
156.221	257.838	309.201
146.056	264.341	311.124
135.597	270.190	312.844
124.862	275.367	314.352
113.866	279.854	315.640
102.628	283.630	316.701
91.165	286.677	317.525
79.493	288.976	318.104
67.631	290.508	318.431
55.594	291.254	318.496
43.402	291.196	318.292
31.069	290.315	317.810
18.615	288.590	317.042
6.083	286.201	316.114
-6.652	283.156	315.098
-19.133	279.373	313.925
-31.750	274.953	312.612
-44.263	269.912	311.167
-56.890	264.183	309.620
-69.263	257.866	308.022
-81.520	250.869	306.302
-93.635	243.283	304.515
-105.288	234.969	302.497
-116.655	226.087	300.323
-127.772	216.530	297.906
-138.546	206.428	295.234
-148.859	195.824	292.266
-158.732	184.773	289.022
-168.066	173.283	285.425
-176.950	161.293	281.587
-185.094	149.006	277.478
-192.623	136.469	273.182
-199.644	123.307	268.716
-205.982	109.850	264.100
-211.665	95.891	259.492
-217.156	81.795	255.134
-221.452	67.186	250.765
-225.203	52.630	246.527
-228.396	38.124	242.418
-231.019	23.669	238.431
-233.059	9.264	234.562
-234.502	-5.092	230.807
-235.338	-19.400	227.161
-235.552	-33.659	223.620
-235.133	-47.872	220.179
-234.068	-62.038	216.833
-232.344	-76.158	213.578
-229.949	-90.234	210.410
-226.869	-104.265	207.323
-223.030	-118.290	204.382
-218.776	-131.950	201.521
-213.637	-145.515	198.842
-208.064	-158.931	196.478
-201.971	-172.023	194.385
-195.270	-184.614	192.523
-187.876	-196.528	190.848
-179.701	-207.588	189.321
-170.657	-217.620	187.898
-160.659	-226.446	186.539
-150.040	-234.363	185.298
-139.179	-241.648	184.453
-128.201	-248.587	184.199
-116.347	-254.917	184.260
-104.636	-261.031	184.844
-93.013	-266.613	185.671
-80.937	-271.940	186.841
-68.457	-277.062	188.214
-55.844	-281.559	189.894
-43.269	-285.668	192.047
-30.761	-288.394	194.372
-17.885	-289.895	196.794
-5.239	-290.094	199.459
7.845	-290.042	202.409
21.242	-289.644	205.600
34.541	-288.559	208.959
47.968	-286.610	212.340
61.438	-283.844	215.815
74.874	-280.445	219.418
88.342	-276.303	223.065
101.429	-271.241	226.767
114.418	-265.270	230.530
127.190	-258.695	234.464
139.639	-251.085	238.399
151.688	-242.422	242.334
163.426	-232.764	246.288
174.879	-222.390	250.356
185.661	-211.392	254.391
194.976	-202.348	258.654
205.302	-185.730	261.930
214.001	-176.708	266.186
223.089	-163.542	269.993
231.243	-151.980	273.711
238.779	-139.173	277.222
245.819	-126.316	280.558
252.276	-113.306	283.727
258.043	-99.903	286.571
263.206	-86.593	289.396
267.958	-72.942	291.987
272.145	-59.312	294.370
275.803	-45.510	296.585
278.900	-31.279	298.574
280.966	-17.020	300.212
282.647	-2.337	301.797
283.636	12.180	303.154
283.947	26.511	304.289
283.596	40.636	305.205
282.599	54.534	305.908
280.970	68.183	306.402
278.725	81.564	306.690
275.880	94.657	306.779
272.450	107.439	306.672
268.450	119.891	306.373
263.896	131.992	305.887
258.802	143.722	305.220
253.184	155.059	304.374
247.058	165.984	303.354
240.439	176.475	302.166
233.343	186.512	300.814
225.783	196.075	299.301
217.777	205.142	297.633
209.339	213.694	295.814
200.485	221.708	293.848
191.229	229.166	291.740
181.588	236.046	289.494
171.577	242.328	287.116
161.210	247.991	284.608
150.504	253.014	281.977
139.474	257.377	279.225
128.134	261.059	276.359
116.501	264.039	273.382
104.590	266.298	270.298
92.416	267.813	267.113
79.995	268.566	263.830
67.341	268.535	260.455
54.470	267.699	256.991
41.398	266.037	253.443
28.139	263.530	249.816
14.710	260.157	246.113
1.126	255.930	242.427
-12.428	250.985	238.794
-25.961	245.335	235.156
-39.429	238.966	231.664
-52.639	231.986	228.288
-65.695	224.374	225.029
-78.255	216.214	221.905
-90.624	207.591	219.006
-102.564	198.508	216.342
-114.042	188.897	213.880
-125.128	178.944	211.605
-135.937	168.493	209.541
-146.317	157.670	207.633
-156.308	146.462	205.924
-165.786	134.809	204.439
-174.715	122.775	203.171
-183.100	110.365	202.082
-191.069	97.669	201.231
-198.594	84.679	200.448
-205.478	71.304	199.864
-211.452	57.535	199.243
-216.681	43.472	198.638
-221.264	29.260	198.276
-224.340	16.187	198.268
-228.697	-0.165	198.088
-231.312	-15.190	198.330
-233.131	-29.232	198.718
-234.442	-43.349	199.438
-235.204	-57.466	200.463
-235.379	-71.506	201.769
-234.927	-85.396	203.329
-233.809	-99.059	205.118
-231.985	-112.420	207.109
-229.418	-125.403	209.275
-226.066	-137.934	211.593
-221.892	-149.936	214.034
-217.170	-161.467	216.613
-211.717	-172.723	219.238
-205.647	-183.666	221.970
-199.169	-194.191	224.858
-191.747	-204.292	227.871
-183.596	-212.977	230.534
-174.500	-220.781	233.103
-164.967	-228.204	235.576
-154.936	-235.568	238.339
-144.658	-242.516	241.264
-133.950	-249.127	244.606
-122.837	-255.434	248.041
-111.556	-261.434	251.506
-100.093	-267.233	255.030
-88.503	-272.694	258.544
-76.609	-277.867	261.921
-64.671	-282.351	265.656
-52.381	-286.312	269.553
-40.229	-289.204	273.387
-27.742	-291.085	277.119
-15.024	-291.081	280.198
-1.914	-289.934	282.951
11.155	-287.985	285.490
24.289	-285.501	287.949
37.228	-282.327	290.274
50.257	-278.586	292.434
63.121	-274.428	294.459
75.948	-269.706	296.271
88.619	-264.675	297.934
101.196	-259.016	299.314
113.693	-253.100	300.508
126.023	-246.583	301.404
138.205	-239.812	302.136
150.139	-232.315	302.540
161.787	-224.498	302.797
173.018	-216.374	302.810
182.718	-212.297	303.644
194.836	-196.162	301.567
204.465	-187.557	301.118
214.304	-175.397	299.865
223.279	-164.076	298.572
231.738	-151.886	296.995
239.616	-138.991	295.149
246.958	-125.615	293.187
253.680	-111.974	291.018
259.719	-97.979	288.734
265.140	-83.887	286.327
269.888	-69.731	283.747
273.941	-55.614	281.025
277.307	-41.559	278.176
279.995	-27.589	275.212
282.014	-13.729	272.145
283.373	-0.001	268.988
284.079	13.572	265.755
284.142	26.966	262.456
283.569	40.158	259.106
282.371	53.124	255.716
280.555	65.842	252.300
278.129	78.289	248.870
275.103	90.440	245.439
271.485	102.273	242.020
267.284	113.764	238.624
262.507	124.891	235.265
257.165	135.629	231.955
251.265	145.956	228.708
244.816	155.849	225.535
237.826	165.283	222.450
230.304	174.236	219.464
222.260	182.685	216.591
213.700	190.606	213.844
204.635	197.976	211.235
195.071	204.772	208.776
185.019	210.971	206.480
174.487	216.548	204.361
163.483	221.482	202.430
152.016	225.748	200.701
140.094	229.324	199.185
127.726	232.185	197.896
115.020	234.254	196.631
102.119	235.580	195.542
88.972	236.240	194.663
75.547	236.329	193.978
61.946	235.750	193.700
48.143	234.441	193.579
34.162	232.559	193.940
19.924	230.087	194.550
5.739	227.072	195.645
-8.465	223.453	196.986
-22.738	219.296	198.701
-36.735	214.554	200.702
-50.548	209.138	202.875
-64.301	203.209	205.262
-77.732	196.568	207.792
-90.881	189.385	210.388
-103.626	181.565	213.024
-115.980	173.341	215.751
-128.005	164.469	218.439
-139.472	155.095	221.108
-150.542	145.293	223.824
-161.059	135.068	226.509
-171.248	124.308	229.184
-180.841	113.171	231.860
-190.028	101.692	234.575
-198.582	89.911	237.418
-206.756	77.981	240.319
-214.429	65.742	243.399
-221.467	53.435	246.692
-228.016	41.160	250.122
-234.058	28.650	253.654
-239.408	15.992	257.154
-244.063	3.223	260.608
-248.022	-9.616	264.002
-251.283	-22.488	267.321
-253.843	-35.351	270.551
-255.700	-48.169	273.679
-256.852	-60.900	276.688
-257.296	-73.507	279.567
-257.032	-85.950	282.299
-256.056	-98.189	284.872
-254.367	-110.187	287.269
-251.962	-121.903	289.479
-248.840	-133.298	291.485
-244.997	-144.333	293.274
-240.433	-154.970	294.832
-235.144	-165.169	296.144
-229.129	-174.890	297.195
-222.386	-184.095	297.973
-214.912	-192.745	298.462
-206.706	-200.800	298.648
-197.848	-207.979	298.579
-188.615	-214.660	298.474
-179.167	-221.016	298.345
-169.406	-226.970	298.394
-159.487	-232.568	298.391
-149.313	-237.936	298.375
-138.614	-243.185	298.331
-128.374	-247.839	298.192
-117.041	-252.725	297.765
-105.759	-257.061	297.336
-94.442	-260.947	296.816
-81.658	-264.918	295.958
-69.424	-267.515	294.776
-56.742	-268.906	293.212
-42.956	-269.775	291.082
-28.985	-269.997	288.758
-15.150	-269.431	286.352
-1.098	-268.221	283.790
13.068	-266.312	281.117
27.157	-263.741	278.216
41.193	-260.499	275.228
55.264	-256.578	272.141
69.071	-252.005	268.891
82.521	-246.634	265.598
95.758	-240.683	262.206
108.701	-233.936	258.717
121.065	-226.541	255.117
133.228	-218.585	251.547
144.939	-210.129	247.854
156.326	-201.314	244.160
167.417	-192.159	240.397
177.385	-184.956	236.623
188.484	-171.827	232.727
198.186	-162.434	229.030
207.818	-151.247	225.326
217.061	-139.839	221.663
225.604	-128.820	218.105
233.826	-117.201	214.662
241.525	-105.371	211.388
248.533	-93.194	208.317
254.932	-80.703	205.273
260.658	-67.968	202.473
265.685	-55.048	199.782
270.055	-42.003	197.346
273.621	-28.731	195.026
276.438	-15.573	192.927
278.504	-2.361	191.091
279.680	10.726	189.449
280.048	23.816	188.064
279.780	36.821	187.034
278.837	49.784	186.265
277.058	62.366	185.725
274.528	74.593	185.398
271.333	86.488	185.267
267.594	98.063	185.433
263.284	109.076	185.757
258.334	119.887	186.343
252.949	130.249	187.269
247.250	140.528	188.549
240.654	150.205	189.976
233.383	159.415	191.722
225.472	168.139	193.765
216.956	176.357	196.087
207.869	184.051	198.666
198.245	191.202	201.482
188.118	197.791	204.514
177.524	203.799	207.743
166.496	209.207	211.146
155.069	213.996	214.705
143.278	218.148	218.399
130.818	221.648	222.128
117.816	224.557	226.092
104.697	226.747	230.097
91.706	228.251	234.192
78.641	229.103	238.303
65.157	229.380	242.444
51.456	229.049	246.567
37.579	228.088	250.582
24.028	226.580	254.606
10.416	224.484	258.609
-3.186	221.761	262.512
-16.739	218.494	266.378
-30.160	214.757	270.205
-43.501	210.429	273.932
-56.774	205.492	277.550
-70.118	200.034	281.114
-83.258	193.919	284.481
-96.375	187.342	287.781
-109.325	180.166	290.898
-122.101	172.647	293.914
-134.607	164.685	296.709
-146.931	156.263	299.262
-158.687	147.810	301.747
-170.074	138.945	303.949
-181.016	129.883	305.973
-191.307	120.470	307.669
-200.947	110.734	309.048
-209.935	100.700	310.119
-218.271	90.396	310.892
-225.956	79.847	311.375
-232.990	69.081	311.580
-239.371	58.124	311.514
-245.101	47.003	311.189
-250.180	35.744	310.613
-254.606	24.374	309.796
-258.381	12.920	308.748
-261.503	1.407	307.477
-263.973	-10.137	305.995
-265.792	-21.685	304.310
-266.958	-33.212	302.431
-267.472	-44.691	300.370
-267.334	-56.094	298.134
-266.543	-67.396	295.733
-265.100	-78.570	293.178
-263.004	-89.588	290.478
-260.256	-100.426	287.642
-256.855	-111.055	284.679
-252.802	-121.451	281.600
-248.096	-131.584	278.414
-242.737	-141.431	275.131
-236.725	-150.962	271.760
-230.060	-160.153	268.311
-222.743	-168.977	264.792
-214.772	-177.406	261.215
-206.148	-185.415	257.588
-196.871	-192.976	253.921
-186.941	-200.064	250.224
-176.357	-206.651	246.505
-165.120	-212.711	242.776
-153.466	-218.180	239.074
-141.421	-223.021	235.452
-128.959	-227.300	231.903
-116.216	-231.028	228.456
-103.120	-234.264	225.161
-89.808	-236.806	221.959
-76.430	-238.826	218.908
-62.807	-240.376	216.015
-49.039	-241.321	213.204
-35.013	-241.783	210.432
-20.627	-241.757	207.761
-6.422	-241.057	205.273
8.201	-239.798	202.869
22.778	-237.920	200.656
37.332	-235.383	198.597
52.118	-232.112	196.689
66.826	-228.251	195.052
81.177	-223.534	193.525
95.224	-218.086	192.175
109.096	-211.880	190.994
122.686	-205.088	190.023
135.929	-197.612	189.261
148.774	-189.631	188.677
161.231	-181.083	188.322
173.134	-172.367	188.190
184.546	-163.535	188.352
196.022	-151.815	188.518
206.372	-143.938	189.207
216.603	-133.314	190.062
226.071	-123.191	190.978
235.272	-113.182	192.130
243.699	-102.486	193.480
251.387	-91.497	194.901
258.928	-80.432	196.733
265.607	-68.985	198.622
271.646	-57.240	200.762
276.946	-45.262	203.075
281.584	-33.060	205.703
285.376	-20.721	208.472
288.496	-8.345	211.442
289.794	4.030	214.352
289.380	16.374	217.206
287.370	28.658	220.011
283.874	40.853	222.774
279.006	52.930	225.500
272.878	64.858	228.196
265.603	76.610	230.868
257.294	88.154	233.522
248.063	99.463	236.165
238.022	110.507	238.802
227.285	121.255	241.441
215.965	131.680	244.087
204.172	141.751	246.746
192.021	151.440	249.426
179.624	160.717	252.131
167.094	169.552	254.869
154.543	177.916	257.645
142.084	185.781	260.466
129.829	193.116	263.338
117.891	199.892	266.268
106.383	206.080	269.260
95.417	211.650	272.323
85.107	216.574	275.462
75.564	220.822	278.683
66.901	224.364	281.992
59.231	227.171	285.397
52.667	229.214	288.902
47.321	230.463	292.515
43.305	230.889	296.241
40.733	230.464	300.087
39.717	229.156	304.059
40.370	226.938	308.163
42.804	223.779	312.406
28.975	222.146	312.415
15.194	219.881	312.049
1.299	217.104	311.605
-12.675	213.923	310.867
-26.680	210.343	309.950
-40.638	206.213	308.732
-54.452	201.787	307.290
-67.961	196.867	305.626
-81.251	191.588	303.749
-94.233	185.897	301.684
-107.026	179.755	299.390
-119.330	173.326	296.944
-131.461	166.405	294.290
-143.043	159.107	291.389
-154.190	151.366	288.235
-164.847	143.165	284.828
-174.918	134.653	281.244
-184.516	125.771	277.444
-193.777	116.481	273.499
-202.443	107.108	269.416
-210.350	97.673	265.162
-217.828	87.709	260.853
-224.729	77.429	256.442
-231.038	66.947	252.090
-236.663	56.285	247.791
-241.600	45.468	243.557
-245.845	34.524	239.395
-249.395	23.476	235.317
-252.246	12.351	231.332
-254.395	1.175	227.448
-255.837	-10.026	223.676
-256.570	-21.228	220.026
-256.589	-32.403	216.506
-255.890	-43.528	213.127
-254.471	-54.575	209.897
-252.327	-65.519	206.827
-249.455	-76.334	203.926
-245.851	-86.995	201.204
-241.511	-97.476	198.669
-236.432	-107.751	196.332
-230.610	-117.794	194.203
-224.041	-127.581	192.290
-216.722	-137.084	190.604
-208.774	-146.246	189.148
-200.061	-155.125	187.999
-191.011	-163.589	187.050
-181.450	-171.457	186.501
-171.267	-178.962	186.177
-160.614	-185.996	186.255
-149.419	-192.445	186.434
-137.872	-198.343	186.976
-125.845	-203.654	187.779
-113.277	-208.466	188.684
-100.350	-212.671	189.854
-86.976	-216.391	191.206
-73.426	-219.419	192.761
-59.360	-222.003	194.403
-45.067	-224.040	196.275
-30.599	-225.508	198.360
-15.948	-226.310	200.541
-1.277	-226.630	202.963
13.339	-226.366	205.603
28.209	-225.613	208.320
42.863	-224.349	211.204
57.316	-222.525	214.226
71.562	-220.060	217.314
85.843	-217.251	220.438
99.865	-213.784	223.613
113.767	-209.840	226.905
127.119	-205.291	230.188
140.461	-200.253	233.517
153.323	-194.603	236.803
165.698	-188.801	240.130
177.514	-183.138	243.479
190.261	-171.756	246.589
200.725	-166.796	250.073
211.834	-158.132	253.414
222.412	-149.491	256.670
232.265	-140.900	259.779
241.905	-131.549	262.955
250.838	-121.893	266.063
259.137	-112.112	269.052
266.925	-101.829	272.025
273.977	-91.464	274.797
280.332	-80.707	277.458
285.969	-69.868	280.052
290.806	-58.970	282.482
294.860	-48.032	284.747
298.143	-37.075	286.846
300.671	-26.118	288.779
302.459	-15.182	290.546
303.520	-4.288	292.145
303.871	6.546	293.576
303.525	17.299	294.839
302.497	27.951	295.933
300.801	38.481	296.858
298.453	48.871	297.613
295.467	59.099	298.197
291.858	69.145	298.610
287.639	78.990	298.852
282.827	88.613	298.922
277.435	97.995	298.819
271.479	107.115	298.543
264.972	115.953	298.093
257.930	124.489	297.468
250.367	132.703	296.669
242.298	140.575	295.695
233.737	148.085	294.545
224.700	155.213	293.218
215.200	161.938	291.715
205.253	168.241	290.034
194.872	174.102	288.174
184.074	179.500	286.137
172.871	184.415	283.920
161.280	188.828	281.523
149.314	192.718	278.946
136.989	196.065	276.189
124.319	198.849	273.250
111.318	201.050	270.129
98.001	202.648	266.826
84.384	203.623	263.340
70.441	204.226	259.916
56.503	204.317	256.312
42.404	203.927	252.785
28.235	203.069	249.216
14.116	201.764	245.776
-0.086	199.952	242.161
-13.926	197.765	238.721
-27.848	195.039	235.284
-41.612	191.726	231.818
-55.201	187.898	228.348
-68.615	183.592	224.912
-81.862	178.671	221.497
-94.855	173.305	218.182
-107.492	167.380	214.927
-119.861	160.977	211.784
-131.960	154.124	208.746
-143.673	146.819	205.922
-154.984	139.083	203.207
-165.846	130.955	200.708
-176.191	122.513	198.433
-186.001	113.694	196.343
-195.158	104.478	194.520
-203.862	95.131	192.981
-211.875	85.480	191.565
-219.301	75.546	190.557
-226.003	65.470	189.656
-231.653	55.120	189.031
-236.861	44.660	188.681
-240.771	34.567	188.633
-244.642	23.643	188.710
-247.826	12.215	189.081
-250.351	0.390	189.686
-251.141	-9.766	190.369
-251.810	-20.822	191.409
-251.679	-31.940	192.726
-250.873	-42.898	194.305
-249.536	-53.856	196.165
-247.455	-64.986	198.268
-244.689	-75.694	200.615
-241.005	-86.351	203.183
-236.859	-96.613	205.949
-231.856	-106.684	208.844
-226.342	-116.403	211.933
-219.948	-125.874	215.181
-212.836	-135.099	218.493
-205.166	-143.951	221.983
-196.825	-152.455	225.470
-187.864	-160.636	229.021
-178.310	-168.445	232.715
-168.333	-175.858	236.364
-157.714	-182.988	240.097
-146.726	-189.614	243.847
-135.298	-195.901	247.439
-123.431	-201.799	251.050
-111.296	-207.241	254.724
-98.736	-212.246	258.248
-86.032	-216.747	261.710
-72.760	-220.887	265.076
-59.556	-224.436	268.355
-46.184	-227.497	271.610
-32.810	-229.973	274.653
-18.678	-232.237	277.592
-4.856	-233.673	280.271
8.572	-234.515	282.712
22.488	-235.042	285.073
36.677	-234.986	287.206
50.667	-234.359	289.100
64.683	-233.260	290.832
78.477	-231.359	292.283
92.018	-228.876	293.472
105.195	-225.851	294.453
118.599	-222.285	295.217
131.666	-218.232	295.748
144.536	-213.675	296.059
156.926	-208.882	296.170
168.476	-206.025	296.363
181.162	-196.226	295.411
192.509	-190.094	294.744
202.996	-184.289	293.943
213.402	-176.475	292.685
223.301	-168.636	291.248
232.241	-161.314	289.609
241.041	-153.272	287.832
249.420	-144.881	285.924
257.114	-136.250	283.729
264.270	-127.192	281.428
270.779	-118.044	278.946
276.675	-108.408	276.381
281.971	-98.548	273.603
286.591	-88.394	270.775
290.575	-78.006	267.916
293.807	-67.422	265.008
296.404	-56.518	261.988
298.240	-45.605	258.999
299.400	-34.392	256.016
299.737	-23.569	252.975
299.334	-12.833	249.903
298.203	-2.197	246.812
296.355	8.331	243.716
293.800	18.740	240.629
290.550	29.018	237.564
286.616	39.157	234.535
282.010	49.145	231.554
276.741	58.971	228.636
270.821	68.626	225.794
264.262	78.099	223.040
257.074	87.380	220.390
249.269	96.457	217.856
240.857	105.321	215.451
231.850	113.962	213.190
222.259	122.368	211.085
212.095	130.529	209.150
201.453	137.736	207.227
190.341	144.571	205.539
178.623	150.839	204.014
166.673	156.905	202.718
153.959	162.683	201.613
141.144	167.905	200.648
128.145	172.499	199.874
114.786	176.545	199.180
101.283	180.165	198.690
87.522	183.129	198.256
73.449	185.543	198.004
59.339	187.361	197.772
45.060	188.675	197.793
30.539	189.438	197.933
15.968	189.604	198.313
1.386	189.231	198.931
-13.246	188.204	199.648
-27.829	186.597	200.528
-42.243	184.594	201.681
-56.491	182.040	203.002
-70.684	178.984	204.522
-84.561	175.493	206.170
-98.031	171.585	208.035
-111.289	167.119	209.991
-124.017	162.280	212.105
-136.377	156.961	214.381
-148.326	151.326	216.799
-159.838	145.235	219.337
-170.855	138.700	221.960
-181.408	131.832	224.728
-191.400	124.554	227.577
-200.940	116.864	230.511
-209.931	108.872	233.503
-218.352	100.517	236.519
-226.077	91.930	239.531
-233.254	82.967	242.602
-239.622	73.798	245.689
-245.193	64.442	248.782
-249.981	54.921	251.873
-253.998	45.254	254.951
-257.259	35.463	258.006
-259.775	25.567	261.029
-261.561	15.586	264.009
-262.629	5.542	266.938
-262.993	-4.546	269.805
-262.665	-14.657	272.600
-261.660	-24.771	275.314
-259.990	-34.867	277.937
-257.668	-44.926	280.459
-254.707	-54.927	282.871
-251.122	-64.849	285.162
-246.924	-74.672	287.322
-242.127	-84.376	289.343
-236.744	-93.941	291.214
-230.789	-103.345	292.926
-224.274	-112.569	294.468
-217.213	-121.593	295.831
-209.619	-130.396	297.005
-201.505	-138.957	297.981
-192.884	-147.257	298.748
-183.769	-155.275	299.297
-174.174	-162.990	299.618
-164.112	-170.383	299.701
-153.596	-177.433	299.536
-142.639	-184.119	299.114
-131.254	-190.422	298.425
-119.455	-196.320	297.459
-107.254	-201.794	296.207
-94.665	-206.824	294.658
-81.701	-211.388	292.802
-68.621	-215.333	290.885
-55.548	-218.621	288.791
-42.053	-221.549	286.326
-28.336	-223.888	283.673
-14.613	-225.712	280.890
-0.640	-227.074	277.941
13.036	-227.781	274.895
26.719	-227.957	271.669
40.570	-227.728	268.309
54.126	-227.072	264.844
67.676	-225.741	261.178
81.007	-224.027	257.508
93.794	-221.726	253.617
106.765	-219.060	249.699
119.638	-216.018	245.789
132.220	-212.501	241.807
144.491	-208.504	237.879
156.514	-203.764	233.904
168.171	-198.401	229.888
179.439	-192.655	226.004
189.572	-187.788	222.071
199.570	-181.066	218.387
210.020	-169.425	214.348
218.698	-164.054	210.917
227.256	-156.286	207.552
235.365	-147.345	204.232
242.805	-137.870	201.087
249.749	-129.190	198.286
255.811	-119.920	195.457
261.355	-110.104	193.023
266.189	-100.054	190.685
270.312	-89.607	188.566
273.796	-79.178	186.741
276.547	-68.609	185.132
278.559	-57.742	183.722
279.796	-46.954	182.602
280.262	-36.012	181.688
280.054	-24.976	181.053
279.135	-14.043	180.707
277.533	-3.070	180.627
275.119	7.786	180.815
272.053	18.716	181.312
268.284	29.418	182.136
263.803	40.220	183.211
258.613	50.927	184.581
252.774	61.423	186.232
246.311	71.685	188.147
239.248	81.695	190.309
231.610	91.431	192.702
223.420	100.871	195.310
214.702	109.995	198.116
205.481	118.783	201.104
195.781	127.213	204.257
185.626	135.264	207.559
175.040	142.916	210.993
164.047	150.147	214.543
152.672	156.937	218.192
140.938	163.264	221.925
128.870	169.109	225.723
116.492	174.449	229.572
103.828	179.265	233.454
90.903	183.535	237.353
77.827	187.326	241.228
64.704	190.608	245.029
51.336	193.401	248.914
37.892	195.667	252.769
24.375	197.483	256.499
10.942	198.712	260.254
-2.574	199.473	263.945
-16.049	199.782	267.448
-29.381	199.530	270.915
-42.750	198.808	274.192
-55.842	197.521	277.375
-68.853	195.702	280.367
-81.584	193.345	283.223
-94.216	190.561	285.907
-106.588	187.275	288.418
-118.880	183.423	290.729
-130.618	179.211	292.905
-142.258	174.472	294.858
-153.359	169.330	296.602
-164.145	163.869	298.186
-174.526	157.940	299.567
-184.416	151.621	300.750
-193.787	144.956	301.704
-202.643	137.939	302.508
-210.839	130.752	303.055
-218.516	123.131	303.425
-225.593	115.242	303.646
-232.000	107.022	303.632
-237.725	98.503	303.375
-242.771	89.706	302.884
-247.143	80.657	302.167
-250.843	71.378	301.233
-253.874	61.894	300.092
-256.238	52.230	298.750
-257.941	42.407	297.218
-258.983	32.452	295.503
-259.369	22.387	293.615
-259.102	12.236	291.561
-258.184	2.024	289.351
-256.620	-8.226	286.993
-254.411	-18.491	284.496
-251.560	-28.745	281.869
-248.072	-38.965	279.119
-243.949	-49.127	276.256
-239.195	-59.208	273.288
-233.811	-69.183	270.224
-227.802	-79.029	267.072
-221.171	-88.722	263.842
-213.920	-98.237	260.541
-206.053	-107.551	257.179
-197.573	-116.639	253.764
-188.510	-125.455	250.264
-178.998	-134.045	246.794
-168.977	-142.256	243.249
-158.401	-150.154	239.664
-147.403	-157.738	236.101
-135.981	-164.990	232.463
-124.164	-171.845	228.839
-111.882	-178.344	225.255
-99.398	-184.422	221.791
-86.456	-190.133	218.371
-73.343	-195.293	215.052
-60.149	-199.922	211.923
-46.546	-204.185	208.807
-32.747	-207.910	205.843
-18.941	-211.044	203.014
-5.029	-213.564	200.343
8.871	-215.510	197.814
22.629	-216.865	195.428
36.581	-217.762	193.238
50.359	-217.905	191.231
64.129	-217.647	189.386
77.655	-216.730	187.757
91.010	-215.240	186.328
104.237	-213.132	185.104
117.204	-210.568	184.134
129.970	-207.407	183.386
142.334	-203.713	182.849
154.394	-199.545	182.602
166.071	-194.782	182.521
177.506	-189.728	182.727
188.255	-184.074	183.143
198.545	-178.643	183.769
208.173	-172.749	184.663
217.939	-163.768	185.917
226.576	-157.073	187.262
234.692	-148.991	188.873
242.317	-140.061	190.855
249.119	-131.388	192.932
255.301	-122.584	195.216
260.899	-113.098	197.811
265.690	-103.338	200.435
269.776	-93.383	203.311
273.353	-83.186	206.411
276.138	-72.764	209.632
278.242	-62.228	212.988
279.712	-51.525	216.582
280.403	-40.784	220.205
280.492	-29.866	224.024
279.837	-18.962	227.917
278.459	-8.092	231.870
276.381	2.725	235.867
273.624	13.469	239.893
270.211	24.123	243.934
266.162	34.666	247.974
261.501	45.079	251.998
256.249	55.343	255.991
250.427	65.439	259.937
244.059	75.347	263.823
237.165	85.048	267.632
229.767	94.524	271.349
221.889	103.754	274.960
213.551	112.720	278.449
204.775	121.402	281.802
195.583	129.781	285.002
185.998	137.839	288.036
176.041	145.555	290.887
165.734	152.910	293.541
155.098	159.886	295.983
144.157	166.462	298.198
132.932	172.621	300.169
121.444	178.342	301.884
109.715	183.606	303.325
97.769	188.394	304.479
85.626	192.687	305.330
73.308	196.466	305.862
60.837	199.711	306.062
48.236	202.404	305.913
35.579	204.605	305.453
22.822	206.308	304.731
9.743	207.562	303.708
-3.174	208.344	302.451
-15.975	208.578	300.911
-28.796	208.302	299.116
-41.283	207.484	297.061
-53.709	206.196	294.808
-66.094	204.477	292.376
-78.323	202.266	289.765
-90.361	199.511	286.926
-102.127	196.311	283.933
-113.442	192.685	280.818
-124.439	188.564	277.504
-135.156	184.017	274.078
-145.340	179.075	270.577
-155.206	173.573	266.914
-164.579	167.728	263.200
-173.464	161.352	259.431
-181.798	154.654	255.626
-189.685	147.424	251.790
-196.961	139.853	247.981
-203.800	131.874	244.223
-209.962	123.492	240.495
-215.639	114.772	236.869
-220.631	105.732	233.257
-225.042	96.340	229.791
-228.788	86.691	226.430
-231.828	76.826	223.156
-233.880	67.105	219.893
-235.425	56.971	216.803
-236.386	46.451	213.893
-236.553	35.859	211.053
-235.709	25.526	208.480
-234.325	14.746	205.847
-232.778	2.919	203.465
-230.744	-9.021	201.266
-226.998	-19.303	199.023
-223.013	-30.311	197.163
-218.343	-41.360	195.532
-213.154	-52.288	194.082
-206.859	-63.208	192.863
-200.644	-74.025	191.880
-193.672	-84.726	191.130
-186.073	-95.120	190.669
-178.107	-105.165	190.321
-169.581	-115.013	190.283
-160.565	-124.652	190.426
-151.090	-133.912	190.752
-141.175	-142.807	191.233
-130.708	-151.392	191.941
-119.984	-159.636	192.851
-108.728	-167.524	193.895
-97.031	-174.957	195.050
-85.031	-182.022	196.333
-72.788	-188.600	197.922
-60.285	-194.722	199.535
-47.596	-200.414	201.414
-34.563	-205.658	203.296
-21.374	-210.378	205.328
-8.113	-214.604	207.554
5.234	-218.296	209.923
18.648	-221.473	212.408
32.051	-223.970	214.988
45.184	-225.968	217.709
58.474	-227.514	220.458
71.257	-228.248	223.295
84.410	-228.578	226.170
97.071	-228.279	229.108
109.373	-227.395	232.085
121.792	-225.940	235.058
134.018	-223.948	238.089
145.673	-221.239	241.079
157.197	-218.201	244.096
167.931	-214.250	247.018
178.683	-209.991	249.988
188.995	-205.186	252.889
198.148	-202.291	255.995
208.053	-194.050	258.516
217.002	-187.439	261.248
225.059	-182.015	264.015
233.000	-174.452	266.596
240.287	-166.886	269.097
246.861	-159.592	271.506
253.018	-151.493	273.776
258.574	-142.992	275.962
263.531	-134.033	277.968
267.863	-124.737	279.917
271.527	-115.143	281.636
274.539	-104.977	283.224
276.946	-94.641	284.673
278.693	-84.132	285.929
279.785	-73.420	287.082
280.228	-62.766	288.086
280.004	-51.989	288.900
279.133	-41.141	289.519
277.631	-30.245	289.946
275.511	-19.328	290.183
272.790	-8.414	290.229
269.482	2.472	290.089
265.604	13.306	289.762
261.169	24.062	289.251
256.193	34.716	288.557
250.691	45.242	287.682
244.679	55.616	286.627
238.171	65.814	285.394
231.182	75.809	283.985
223.729	85.578	282.402
215.825	95.095	280.645
207.486	104.336	278.717
198.727	113.275	276.619
189.563	121.889	274.353
180.010	130.151	271.920
170.083	138.037	269.322
159.796	145.523	266.561
149.165	152.583	263.639
138.205	159.192	260.556
126.931	165.326	257.314
115.127	171.099	253.984
103.183	176.413	250.543
91.082	181.165	247.068
78.713	185.530	243.586
66.312	189.390	239.990
53.767	192.750	236.407
41.430	195.516	232.811
28.868	197.763	229.220
16.148	199.557	225.617
3.477	200.762	222.143
-9.069	201.425	218.665
-21.509	201.581	215.342
-33.932	201.229	212.082
-46.078	200.308	209.046
-58.164	198.864	206.101
-70.021	196.792	203.368
-81.731	194.171	200.822
-93.164	191.011	198.462
-104.353	187.295	196.298
-115.205	182.988	194.344
-125.693	178.239	192.601
-135.770	172.886	191.030
-145.427	167.103	189.737
-154.626	160.733	188.620
-163.305	153.910	187.714
-171.509	146.636	187.076
-179.118	138.973	186.714
-186.217	130.824	186.544
-192.646	122.427	186.672
-198.442	113.539	187.107
-203.668	104.324	187.663
-208.208	94.819	188.633
-212.225	84.996	189.775
-215.486	74.913	191.108
-218.070	64.616	192.734
-220.221	54.073	194.591
-221.707	43.333	196.638
-222.495	32.572	198.941
-222.390	22.113	201.546
-221.531	11.680	204.265
-221.101	-0.512	207.129
-219.821	-12.339	210.135
-217.765	-23.935	213.428
-214.194	-33.951	216.590
-210.535	-45.026	219.925
-206.415	-55.927	223.341
-201.638	-66.962	226.819
-196.265	-78.001	230.326
-190.357	-88.912	233.828
-183.975	-99.566	237.292
-176.945	-109.942	240.702
-169.279	-120.310	244.225
-161.343	-130.212	247.573
-152.840	-139.860	250.880
-143.944	-149.215	254.193
-134.569	-158.266	257.406
-124.844	-166.938	260.550
-114.847	-175.218	263.628
-104.486	-183.148	266.621
-93.879	-190.657	269.376
-82.895	-197.831	271.976
-71.799	-204.515	274.494
-60.279	-210.844	276.861
-48.830	-216.572	279.052
-36.800	-222.089	280.990
-24.847	-226.971	282.757
-12.795	-231.390	284.344
-0.778	-235.266	285.728
11.355	-238.647	286.873
23.478	-241.574	287.830
35.569	-243.912	288.550
47.586	-245.716	289.075
59.630	-246.922	289.387
71.435	-247.484	289.452
83.229	-247.561	289.341
94.836	-247.079	289.031
106.190	-245.913	288.454
117.309	-244.174	287.721
128.227	-241.828	286.778
138.926	-239.064	285.643
149.125	-235.437	284.276
159.167	-231.422	282.798
168.679	-226.827	281.073
177.904	-221.701	279.244
186.845	-216.172	277.305
194.854	-211.352	275.257
202.178	-208.025	273.463
210.852	-195.370	270.304
217.906	-189.126	268.042
224.032	-181.876	265.472
230.242	-173.073	262.775
235.929	-163.950	260.062
240.689	-155.201	257.189
245.085	-146.029	254.371
248.847	-136.189	251.471
252.081	-126.014	248.508
254.672	-115.693	245.542
256.708	-105.068	242.565
258.079	-94.318	239.633
258.837	-83.332	236.733
259.033	-72.169	233.705
258.583	-60.892	230.863
257.395	-49.503	228.005
255.709	-38.009	225.153
253.291	-26.458	222.421
250.313	-14.792	219.776
246.781	-3.203	217.200
242.495	8.281	214.670
237.740	19.633	212.270
232.403	30.893	209.973
226.475	41.952	207.805
220.066	52.880	205.753
213.152	63.679	203.880
205.697	74.205	202.123
197.852	84.569	200.515
189.514	94.632	199.092
180.829	104.392	197.805
171.637	113.966	196.730
162.283	123.605	195.879
152.447	132.055	195.014
142.220	140.514	194.421
131.525	148.000	193.848
120.664	155.313	193.481
109.483	162.191	193.288
98.087	168.662	193.317
86.391	174.575	193.532
74.630	180.027	193.876
62.628	184.844	194.439
50.455	189.235	195.260
38.247	193.072	196.167
26.008	196.345	197.290
13.710	199.076	198.687
1.380	201.214	200.217
-10.890	202.788	201.861
-22.946	203.760	203.645
-34.926	204.161	205.704
-46.744	204.004	207.808
-58.373	203.286	210.118
-69.873	201.968	212.542
-81.067	200.085	215.106
-92.054	197.644	217.824
-102.671	194.613	220.695
-113.084	191.106	223.606
-123.173	186.899	226.603
-132.973	182.256	229.679
-142.203	177.091	232.819
-151.209	171.426	236.034
-159.639	165.268	239.354
-167.746	158.603	242.674
-175.340	151.625	246.070
-182.504	144.183	249.457
-189.110	136.357	252.880
-195.224	128.155	256.267
-200.781	119.612	259.678
-205.731	110.842	263.020
-210.173	101.685	266.344
-213.965	92.335	269.507
-217.173	82.716	272.587
-219.764	72.813	275.525
-221.781	62.793	278.398
-223.256	52.567	281.108
-224.111	42.102	283.552
-224.362	31.496	285.805
-224.021	20.773	287.862
-223.097	9.956	289.719
-221.601	-0.931	291.371
-219.542	-11.863	292.815
-216.931	-22.817	294.046
-213.777	-33.768	295.060
-210.092	-44.694	295.852
-205.884	-55.568	296.419
-201.165	-66.369	296.757
-195.944	-77.072	296.860
-190.232	-87.652	296.725
-184.038	-98.086	296.348
-177.373	-108.351	295.725
-170.246	-118.421	294.850
-162.669	-128.273	293.721
-154.610	-137.801	292.364
-146.374	-147.041	290.692
-137.581	-156.100	288.967
-128.432	-164.746	286.867
-118.904	-173.067	284.458
-109.038	-181.031	281.972
-98.990	-188.600	279.338
-88.518	-195.880	276.464
-77.909	-202.652	273.417
-66.961	-208.986	270.190
-55.794	-214.915	266.779
-44.586	-220.298	263.340
-33.106	-225.178	259.729
-21.655	-229.558	256.063
-9.991	-233.309	252.310
1.579	-236.473	248.533
13.256	-239.123	244.689
24.724	-241.124	240.863
36.297	-242.545	236.996
47.696	-243.285	233.138
59.046	-243.466	229.303
70.279	-242.990	225.470
81.299	-241.999	221.718
92.132	-240.307	218.018
102.804	-237.996	214.373
113.179	-235.075	210.860
123.323	-231.649	207.458
133.186	-227.501	204.186
142.774	-222.843	201.063
151.986	-217.606	198.121
160.867	-211.811	195.356
169.494	-205.603	192.791
177.569	-198.800	190.410
185.239	-191.456	188.233
192.522	-183.785	186.236
199.126	-176.851	184.506
205.569	-167.327	182.937
211.720	-156.350	181.654
216.397	-148.810	180.756
221.139	-138.379	180.027
225.276	-127.494	179.544
228.622	-117.208	179.351
231.415	-106.408	179.415
233.574	-95.188	179.655
235.113	-83.778	180.143
236.101	-72.169	180.964
236.512	-60.334	182.045
236.261	-48.463	183.322
235.484	-36.393	184.794
234.134	-24.410	186.466
232.324	-12.235	188.451
229.900	-0.289	190.618
226.970	11.751	192.992
223.383	23.527	195.538
219.428	35.312	198.253
214.781	46.934	201.155
209.685	58.454	204.183
203.935	69.726	207.316
197.697	80.794	210.543
191.189	91.577	213.986
184.201	102.120	217.466
176.540	112.643	221.068
168.685	122.929	224.792
160.347	132.371	228.478
151.612	141.350	232.191
142.749	150.078	236.011
133.280	158.496	239.763
124.206	166.428	243.685
114.188	173.930	247.419
104.401	180.848	251.159
94.256	187.380	254.825
83.623	193.412	258.439
73.448	198.713	261.863
62.868	203.487	265.207
52.475	207.701	268.397
41.732	211.400	271.341
30.825	214.571	274.379
19.909	217.223	277.127
9.253	219.217	279.613
-1.766	220.752	282.092
-12.666	221.702	284.282
-23.528	222.144	286.369
-34.321	222.013	288.267
-44.979	221.325	290.022
-55.591	220.059	291.614
-66.093	218.216	293.000
-76.427	215.812	294.229
-86.509	212.880	295.295
-96.371	209.477	296.210
-106.016	205.602	296.981
-115.301	201.090	297.488
-124.330	196.190	297.836
-133.083	190.826	298.027
-141.464	185.013	298.028
-149.371	178.774	297.761
-156.901	172.039	297.270
-163.914	164.896	296.559
-170.381	157.384	295.611
-176.408	149.389	294.406
-181.880	141.049	292.990
-186.865	132.390	291.356
-191.339	123.415	289.552
-195.360	114.018	287.497
-198.769	104.392	285.264
-201.760	94.387	282.931
-204.130	84.173	280.372
-206.071	73.721	277.691
-207.375	63.039	274.895
-208.181	52.214	271.992
-208.485	41.265	268.988
-208.282	30.209	265.890
-207.568	19.063	262.704
-206.338	7.845	259.437
-204.587	-3.429	256.095
-202.311	-14.740	252.685
-199.505	-26.072	249.213
-196.164	-37.407	245.686
-192.285	-48.727	242.110
-187.861	-60.016	238.492
-182.889	-71.256	234.838
-177.204	-82.480	231.205
-171.237	-93.203	227.517
-164.648	-104.006	224.001
-157.744	-114.405	220.416
-150.245	-124.597	216.937
-142.381	-134.544	213.567
-134.061	-144.066	210.222
-125.375	-153.298	207.004
-116.449	-162.229	203.889
-107.091	-170.713	200.924
-97.505	-178.746	198.198
-87.487	-186.316	195.488
-77.237	-193.433	193.071
-66.827	-200.023	190.851
-56.122	-206.150	188.758
-45.259	-211.761	186.896
-34.271	-216.760	185.335
-23.174	-221.144	183.951
-11.882	-225.049	182.740
-0.389	-228.383	181.760
11.114	-231.092	180.958
22.777	-233.265	180.392
34.234	-234.730	180.105
45.731	-235.651	180.070
57.060	-235.844	180.250
68.420	-235.569	180.685
79.524	-234.599	181.392
90.456	-232.996	182.324
101.259	-230.774	183.495
111.681	-227.963	184.907
121.860	-224.554	186.539
131.689	-220.512	188.373
141.153	-215.906	190.446
150.344	-210.631	192.664
159.102	-204.892	195.126
167.448	-198.644	197.724
175.491	-191.815	200.540
183.059	-184.570	203.489
189.514	-179.700	206.724
196.961	-168.250	209.761
202.843	-159.724	213.121
208.372	-150.851	216.641
213.828	-140.837	220.231
218.588	-131.470	223.910
222.884	-121.543	227.645
226.679	-111.206	231.429
229.923	-100.637	235.270
232.713	-89.649	239.117
234.914	-78.807	242.961
236.619	-67.404	246.823
237.649	-55.899	250.587
238.175	-44.434	254.329
237.934	-32.595	257.891
237.253	-20.806	261.425
235.983	-8.933	264.844
234.237	2.657	268.188
231.977	14.183	271.368
229.217	25.624	274.377
225.970	36.957	277.210
222.251	48.159	279.863
218.075	59.209	282.329
213.456	70.083	284.604
208.408	80.760	286.682
202.946	91.216	288.559
197.083	101.430	290.228
190.835	111.379	291.685
184.215	121.040	292.923
177.239	130.391	293.939
169.919	139.409	294.727
162.272	148.073	295.281
154.310	156.359	295.597
146.049	164.246	295.668
137.502	171.710	295.490
128.685	178.729	295.058
119.611	185.282	294.366
110.295	191.345	293.408
100.751	196.895	292.181
90.993	201.912	290.678
81.036	206.371	288.894
70.867	210.297	286.877
60.536	213.701	284.605
50.153	216.637	282.277
39.659	218.918	279.684
29.025	220.729	276.975
18.481	222.022	274.122
7.925	222.702	271.157
-2.773	222.912	268.047
-13.253	222.480	264.896
-23.596	221.548	261.674
-33.883	220.035	258.330
-43.990	218.014	254.984
-53.899	215.447	251.608
-63.695	212.298	248.209
-73.262	208.557	244.765
-82.601	204.303	241.355
-91.686	199.423	237.940
-100.447	194.046	234.586
-108.848	188.145	231.275
-116.986	181.662	227.993
-124.662	174.839	224.804
-132.071	167.407	221.689
-139.094	159.509	218.646
-145.678	151.204	215.740
-151.924	142.363	212.914
-157.566	133.338	210.254
-162.845	123.705	207.694
-167.596	113.833	205.302
-171.886	103.581	203.092
-175.635	93.064	200.998
-178.787	82.316	199.069
-181.425	71.247	197.428
-183.569	59.939	195.919
-185.149	48.469	194.664
-186.152	36.870	193.541
-186.622	25.089	192.616
-186.015	13.990	191.922
-185.001	2.635	191.421
-184.653	-10.639	190.974
-183.394	-23.566	190.523
-180.578	-34.453	190.741
-177.741	-46.324	191.029
-174.524	-57.935	191.370
-170.602	-69.572	191.984
-166.410	-81.426	192.736
-161.745	-92.823	193.720
-156.516	-104.028	194.858
-150.917	-115.062	196.208
-144.791	-125.781	197.634
-138.258	-136.188	199.251
-131.315	-146.276	200.999
-123.822	-156.030	202.963
-116.004	-165.460	205.046
-107.853	-174.421	207.101
-99.347	-182.987	209.415
-90.511	-191.100	211.788
-81.429	-198.824	214.270
-72.118	-206.005	216.831
-62.548	-212.694	219.470
-52.671	-218.901	222.196
-42.584	-224.630	224.977
-32.200	-229.813	227.833
-21.837	-234.428	230.721
-11.401	-238.411	233.674
-0.862	-241.846	236.657
9.860	-244.702	239.640
20.311	-246.813	242.609
31.067	-248.495	245.582
41.377	-249.413	248.570
51.857	-249.800	251.487
62.180	-249.517	254.292
72.664	-248.858	257.035
82.783	-247.431	259.748
92.412	-245.327	262.336
102.014	-242.594	264.834
111.671	-239.460	267.204
120.674	-235.540	269.411
129.790	-231.151	271.533
138.501	-226.259	273.552
146.789	-220.692	275.416
155.100	-214.753	277.122
163.009	-208.261	278.686
169.744	-203.143	280.140
175.662	-199.988	281.871
184.487	-183.532	282.008
190.224	-177.942	283.155
196.266	-168.682	283.822
201.687	-159.321	284.183
206.549	-150.407	284.494
211.020	-140.750	284.578
215.014	-130.604	284.423
218.449	-120.428	284.052
221.512	-109.870	283.513
224.033	-98.993	282.828
226.230	-88.004	281.862
227.898	-76.966	280.766
229.190	-65.550	279.512
229.966	-54.149	278.089
230.245	-42.601	276.522
230.087	-30.932	274.790
229.341	-19.217	272.903
228.126	-7.540	270.842
226.476	4.066	268.659
224.316	15.638	266.358
221.694	27.071	263.893
218.529	38.450	261.288
214.940	49.565	258.546
210.875	60.491	255.690
206.348	71.205	252.732
201.371	81.680	249.686
195.957	91.892	246.565
190.118	101.817	243.384
183.866	111.428	240.156
177.215	120.702	236.894
170.177	129.613	233.612
162.764	138.136	230.323
154.989	146.247	227.042
146.896	153.914	223.752
138.492	161.249	220.582
129.740	168.074	217.410
120.726	174.380	214.335
111.540	180.257	211.362
102.068	185.662	208.559
92.346	190.540	205.832
82.393	194.851	203.255
72.287	198.654	200.794
61.994	201.877	198.614
51.557	204.523	196.553
41.109	206.597	194.659
30.530	208.076	193.006
19.873	208.999	191.559
9.200	209.260	190.364
-1.395	208.990	189.378
-11.974	208.048	188.623
-22.551	206.480	188.039
-32.934	204.321	187.727
-43.236	201.572	187.607
-53.292	198.269	187.783
-63.063	194.296	188.141
-72.777	189.789	188.753
-82.178	184.846	189.602
-91.313	179.266	190.645
-100.094	173.295	191.956
-108.675	166.743	193.480
-116.821	159.758	195.242
-124.575	152.254	197.191
-132.025	144.383	199.390
-139.089	136.065	201.742
-145.698	127.390	204.274
-151.886	118.322	206.972
-157.668	108.867	209.809
-162.996	99.180	212.770
-167.831	89.113	215.835
-172.199	78.817	218.997
-176.098	68.378	222.252
-179.490	57.667	225.530
-182.327	46.676	228.817
-184.509	35.826	232.117
-186.363	24.646	235.477
-187.640	13.411	238.814
-188.345	2.108	242.078
-188.311	-8.884	245.359
-187.627	-19.511	248.696
-187.505	-32.046	251.808
-186.643	-44.180	254.903
-185.195	-56.004	258.033
-182.328	-65.934	260.828
-179.550	-76.923	263.631
-176.346	-87.624	266.285
-172.853	-98.590	268.896
-168.830	-109.209	271.278
-164.292	-119.522	273.552
-159.246	-129.669	275.712
-154.010	-139.376	277.564
-148.259	-149.001	279.362
-142.063	-158.243	280.960
-135.588	-167.091	282.267
-128.746	-175.692	283.424
-121.400	-183.964	284.389
-113.752	-191.837	285.126
-105.827	-199.235	285.729
-97.703	-206.211	286.036
-89.380	-212.741	286.183
-80.552	-218.884	286.122
-71.315	-224.664	285.884
-62.070	-229.779	285.449
-52.571	-234.464	284.768
-42.792	-238.693	283.892
-33.145	-242.215	283.014
-23.195	-245.283	281.702
-13.276	-247.712	280.263
-3.390	-249.504	278.782
6.539	-250.688	277.059
16.304	-251.224	275.313
26.300	-251.240	273.216
36.013	-250.591	271.119
45.882	-249.412	268.837
55.595	-247.677	266.402
65.220	-245.238	263.837
74.750	-242.323	261.190
84.213	-238.852	258.429
93.378	-234.673	255.586
102.512	-230.131	252.642
111.428	-224.991	249.654
119.839	-219.143	246.598
128.130	-212.943	243.542
136.337	-206.224	240.461
143.914	-198.984	237.342
151.228	-191.177	234.195
158.242	-183.531	231.116
163.922	-177.989	228.083
171.138	-165.108	224.818
177.275	-154.626	221.783
182.329	-146.368	218.924
187.412	-135.927	216.031
191.981	-125.134	213.166
195.984	-114.754	210.426
199.551	-103.818	207.788
202.642	-92.625	205.254
205.237	-81.179	202.833
207.393	-69.497	200.607
209.176	-57.729	198.642
210.287	-45.820	196.591
211.001	-33.809	194.773
211.106	-21.746	193.151
210.772	-9.706	191.685
210.091	2.276	190.452
208.873	14.186	189.385
207.066	25.971	188.472
204.726	37.697	187.798
202.012	49.155	187.275
198.737	60.534	186.950
195.009	71.639	186.853
190.773	82.567	186.887
185.986	93.351	187.205
180.899	103.743	187.680
175.286	113.794	188.373
169.247	123.314	189.190
162.755	132.437	190.242
155.973	141.328	191.554
148.720	149.799	193.076
141.197	157.887	194.790
133.398	165.542	196.685
125.317	172.673	198.742
116.938	179.242	200.966
108.177	185.369	203.467
99.330	190.933	205.970
90.403	195.896	208.652
81.023	200.291	211.417
71.644	204.118	214.371
62.166	207.322	217.392
52.373	210.026	220.426
42.579	212.056	223.643
32.620	213.508	226.891
22.435	214.380	230.193
12.492	214.635	233.579
2.342	214.342	237.034
-7.751	213.450	240.503
-17.799	212.021	244.039
-27.791	209.991	247.531
-37.759	207.331	251.005
-47.504	204.244	254.468
-56.965	200.550	257.920
-66.368	196.331	261.279
-75.659	191.563	264.570
-84.460	186.425	267.818
-93.256	180.666	270.918
-101.747	174.600	273.952
-109.939	167.978	276.759
-117.892	160.983	279.472
-125.470	153.553	281.979
-132.710	145.804	284.328
-139.632	137.624	286.449
-146.186	129.245	288.416
-152.336	120.401	290.122
-158.115	111.410	291.637
-163.489	102.083	292.919
-168.401	92.483	293.971
-172.853	82.814	294.784
-176.863	72.753	295.295
-180.484	62.557	295.653
-183.616	52.180	295.714
-186.259	41.645	295.488
-188.417	30.978	294.985
-190.091	20.205	294.217
-191.286	9.350	293.193
-192.003	-1.561	291.923
-192.244	-12.503	290.419
-192.012	-23.452	288.691
-191.310	-34.381	286.748
-190.141	-45.266	284.602
-188.506	-56.081	282.263
-186.408	-66.802	279.741
-183.850	-77.403	277.047
-180.834	-87.859	274.191
-177.363	-98.145	271.184
-173.439	-108.236	268.035
-169.065	-118.107	264.756
-164.243	-127.731	261.357
-158.977	-137.085	257.848
-153.267	-146.143	254.239
-147.118	-154.880	250.542
-140.530	-163.271	246.766
-133.643	-171.319	242.982
-126.379	-179.029	239.196
-118.745	-186.193	235.343
-110.798	-192.899	231.520
-102.413	-199.181	227.608
-93.898	-204.894	223.944
-84.951	-210.112	220.198
-75.783	-214.840	216.595
-66.448	-218.940	213.037
-56.997	-222.500	209.682
-47.147	-225.586	206.372
-37.251	-228.069	203.288
-27.083	-230.025	200.157
-17.009	-231.302	197.351
-6.832	-232.004	194.686
3.531	-232.148	192.166
13.850	-231.741	189.867
24.369	-230.804	187.714
34.480	-229.097	185.807
44.810	-226.911	184.080
55.089	-224.199	182.616
65.152	-220.777	181.335
75.125	-216.860	180.309
84.861	-212.279	179.495
94.434	-207.152	178.969
103.810	-201.438	178.613
112.891	-195.195	178.516
121.781	-188.455	178.692
130.396	-181.219	179.048
138.674	-173.435	179.687
146.536	-165.179	180.514
153.727	-158.141	181.571
161.350	-147.670	182.663
168.649	-136.366	184.267
174.571	-128.431	186.147
180.626	-118.111	188.089
186.101	-107.765	190.152
191.177	-97.541	192.450
195.748	-86.801	194.838
199.903	-75.792	197.471
203.492	-64.717	200.277
206.643	-53.348	203.103
209.236	-41.983	206.112
211.372	-30.470	209.241
213.000	-18.925	212.462
214.086	-7.435	215.843
214.715	4.125	219.217
214.873	15.722	222.688
214.454	27.214	226.185
213.534	38.543	229.776
212.161	49.789	233.325
210.361	61.000	236.933
207.994	71.882	240.525
205.199	82.571	244.075
201.916	92.992	247.577
198.164	103.126	251.021
193.965	112.955	254.395
189.341	122.461	257.691
184.312	131.626	260.897
178.901	140.431	264.003
173.127	148.858	266.998
167.013	156.889	269.873
160.580	164.506	272.617
153.850	171.689	275.219
146.842	178.422	277.670
139.579	184.685	279.959
132.082	190.460	282.075
124.373	195.730	284.009
116.471	200.475	285.749
108.400	204.678	287.286
99.886	208.401	288.617
91.147	211.557	289.728
82.125	214.227	290.719
72.952	216.311	291.375
63.674	217.917	291.853
54.302	218.926	292.062
44.729	219.456	292.164
35.131	219.411	291.929
25.453	218.773	291.590
15.734	217.604	291.004
6.021	215.921	290.200
-3.721	213.776	289.226
-13.315	211.056	288.026
-22.890	207.817	286.638
-32.520	204.045	285.005
-41.808	199.816	283.238
-51.134	195.092	281.269
-60.263	189.808	279.110
-69.160	184.160	276.790
-77.932	178.021	274.331
-86.446	171.521	271.760
-94.709	164.534	269.019
-102.684	157.170	266.154
-110.392	149.396	263.165
-117.730	141.290	260.068
-124.738	132.797	256.851
-131.311	124.023	253.543
-137.541	114.856	250.109
-143.346	105.425	246.629
-148.704	95.744	243.129
-153.691	85.712	239.573
-158.226	75.473	235.996
-162.330	65.132	232.468
-166.010	54.497	228.938
-169.210	43.729	225.525
-171.920	32.831	222.037
-174.103	21.742	218.683
-175.861	10.672	215.319
-176.783	-0.078	212.059
-177.482	-11.245	208.851
-178.076	-23.060	205.749
-177.830	-34.394	202.854
-177.035	-45.302	200.038
-175.617	-56.439	197.393
-173.867	-67.398	194.914
-171.619	-78.184	192.575
-168.750	-88.855	190.481
-165.471	-99.253	188.597
-161.688	-109.427	186.845
-157.442	-119.289	185.300
-152.723	-128.966	184.020
-147.447	-138.296	182.917
-141.761	-147.329	182.042
-135.653	-156.010	181.316
-129.120	-164.257	180.939
-122.140	-172.085	180.759
-114.849	-179.533	180.770
-107.132	-186.452	181.013
-99.101	-193.001	181.629
-90.845	-198.884	182.429
-82.129	-204.358	183.443
-73.293	-209.267	184.664
-64.124	-213.669	186.239
-54.890	-217.410	187.961
-45.162	-220.846	189.765
-35.502	-223.549	191.883
-25.809	-225.674	194.215
-15.734	-227.265	196.600
-5.647	-228.341	199.208
4.575	-228.868	201.988
14.751	-228.829	204.901
25.110	-228.157	207.893
35.352	-226.897	211.007
45.476	-225.071	214.239
55.612	-222.663	217.541
65.673	-219.699	220.916
75.493	-216.244	224.360
85.276	-212.229	227.839
94.801	-207.566	231.285
104.152	-202.558	234.755
113.350	-196.994	238.250
122.242	-190.986	241.709
130.831	-184.435	245.079
138.870	-178.787	248.481
147.332	-170.220	251.581
155.473	-161.046	254.611
162.515	-154.433	257.857
169.609	-145.623	260.816
176.298	-136.850	263.578
182.581	-128.020	266.308
188.464	-118.631	268.827
193.927	-108.926	271.205
199.016	-99.080	273.416
203.646	-88.954	275.417
207.834	-78.711	277.191
211.617	-68.214	278.892
214.974	-57.563	280.311
217.877	-46.824	281.550
220.335	-35.946	282.520
222.270	-25.252	283.377
223.817	-14.274	283.938
224.810	-3.429	284.330
225.431	7.467	284.462
225.551	18.252	284.350
225.179	28.906	284.004
224.323	39.410	283.434
222.992	49.746	282.648
221.194	59.893	281.657
218.936	69.835	280.470
216.228	79.551	279.096
213.077	89.023	277.545
209.491	98.232	275.826
205.480	107.160	273.949
201.050	115.786	271.924
196.211	124.092	269.760
190.970	132.060	267.467
185.336	139.671	265.054
179.316	146.905	262.530
172.921	153.744	259.905
166.156	160.169	257.189
159.031	166.161	254.391
151.554	171.701	251.521
143.733	176.770	248.588
135.577	181.349	245.601
127.093	185.421	242.571
118.435	188.998	239.451
109.527	192.025	236.301
100.326	194.581	233.244
90.985	196.553	230.109
81.508	197.962	227.058
71.858	198.865	224.056
61.837	199.214	221.125
51.860	198.984	218.243
41.750	198.239	215.415
31.622	196.901	212.646
21.341	195.072	210.075
11.082	192.716	207.581
0.858	189.812	205.274
-9.361	186.307	203.061
-19.501	182.346	200.983
-29.504	177.887	199.122
-39.360	172.864	197.373
-48.994	167.418	195.775
-58.523	161.485	194.407
-67.846	155.090	193.198
-76.924	148.238	192.174
-85.761	140.944	191.292
-94.273	133.302	190.676
-102.569	125.234	190.207
-110.448	116.840	189.920
-118.041	108.116	189.857
-125.255	99.041	189.940
-132.077	89.652	190.281
-138.525	80.043	190.777
-144.542	70.152	191.483
-150.145	60.109	192.378
-155.284	49.798	193.386
-159.951	39.278	194.613
-164.149	28.731	196.070
-167.847	18.046	197.560
-170.894	7.643	199.295
-173.470	-3.057	201.126
-175.933	-14.233	202.962
-177.744	-25.342	204.991
-179.164	-36.375	207.238
-179.860	-46.800	209.545
-180.115	-57.518	212.025
-179.962	-68.043	214.612
-179.085	-78.515	217.260
-177.890	-88.685	219.916
-176.030	-98.785	222.737
-173.754	-108.596	225.496
-170.919	-118.215	228.353
-167.599	-127.534	231.278
-163.872	-136.549	234.111
-159.673	-145.318	237.024
-155.030	-153.711	239.962
-149.851	-161.829	242.880
-144.334	-169.580	245.668
-138.390	-176.967	248.498
-131.947	-183.938	251.253
-125.210	-190.507	253.868
-118.026	-196.706	256.509
-110.533	-202.386	258.978
-102.810	-207.668	261.514
-94.656	-212.506	263.793
-86.305	-216.838	266.010
-77.656	-220.649	268.127
-68.801	-223.984	270.108
-59.656	-226.836	271.896
-50.370	-229.169	273.590
-40.960	-230.965	275.085
-31.367	-232.254	276.456
-21.679	-233.038	277.630
-11.979	-233.222	278.605
-2.184	-232.940	279.425
7.695	-232.134	280.018
17.686	-230.852	280.430
27.536	-228.979	280.636
37.424	-226.596	280.627
47.374	-223.794	280.446
57.083	-220.357	280.035
66.809	-216.576	279.459
76.298	-212.290	278.683
85.631	-207.316	277.616
94.932	-202.090	276.454
103.971	-196.260	275.022
112.696	-190.002	273.396
121.243	-183.807	271.647
129.460	-177.294	269.781
137.763	-168.839	267.503
145.748	-160.234	265.015
153.004	-153.025	262.765
160.157	-144.185	260.148
167.011	-135.092	257.372
173.238	-126.567	254.565
179.269	-117.248	251.651
184.901	-107.666	248.572
190.116	-97.828	245.470
194.832	-87.817	242.229
199.159	-77.637	238.963
203.010	-67.285	235.728
206.492	-56.847	232.346
209.480	-46.310	228.995
211.921	-35.698	225.642
213.948	-25.149	222.306
215.499	-14.491	219.022
216.508	-3.847	215.791
217.069	6.702	212.603
217.062	17.152	209.516
216.605	27.538	206.521
215.596	37.775	203.660
214.083	47.916	200.889
212.020	57.853	198.306
209.506	67.566	195.873
206.521	77.044	193.603
202.909	86.333	191.516
198.902	95.260	189.610
194.408	103.916	187.888
189.448	112.340	186.416
184.032	120.571	185.166
178.231	128.321	184.085
171.927	135.356	183.225
165.241	142.129	182.595
158.144	148.318	182.134
150.623	154.066	181.952
142.836	159.535	182.022
134.697	164.478	182.332
126.228	168.957	182.874
117.527	172.918	183.701
108.524	176.368	184.641
99.289	179.326	185.956
89.798	181.782	187.400
80.114	183.636	189.078
70.278	185.049	191.056
60.236	185.858	193.076
50.112	186.158	195.346
39.874	185.934	197.775
29.547	185.157	200.335
19.143	183.868	203.139
8.693	182.003	206.035
-1.674	179.651	209.036
-12.106	176.842	212.278
-22.352	173.533	215.548
-32.608	169.674	218.816
-42.584	165.426	222.308
-52.402	160.708	225.769
-62.162	155.519	229.250
-71.646	149.937	232.772
-80.926	143.934	236.308
-90.013	137.550	239.817
-98.866	130.814	243.311
-107.389	123.747	246.761
-115.639	116.316	250.138
-123.620	108.634	253.462
-131.260	100.622	256.690
-138.588	92.350	259.824
-145.537	83.852	262.780
-152.111	75.119	265.705
-158.274	66.236	268.445
-164.046	57.130	270.976
-169.408	47.932	273.430
-174.230	38.664	275.783
-178.674	29.168	277.896
-182.604	19.579	279.776
-186.025	9.918	281.425
-188.941	0.208	282.848
-191.357	-9.532	284.048
-193.276	-19.279	285.027
-194.704	-29.014	285.789
-195.645	-38.714	286.337
-196.103	-48.359	286.674
-196.082	-57.927	286.803
-195.588	-67.397	286.728
-194.624	-76.749	286.452
-193.195	-85.960	285.978
-191.306	-95.011	285.308
-188.960	-103.879	284.447
-186.162	-112.544	283.398
-182.917	-120.984	282.163
-179.229	-129.179	280.745
-175.102	-137.106	279.149
-170.541	-144.746	277.377
-165.551	-152.077	275.433
-160.135	-159.077	273.318
-154.298	-165.726	271.038
-147.958	-172.024	268.631
-141.153	-178.006	266.135
-133.962	-183.549	263.532
-126.321	-188.671	260.771
-118.450	-193.343	257.958
-110.206	-197.534	255.038
-101.596	-201.372	252.117
-92.672	-204.724	248.936
-83.527	-207.536	245.874
-74.041	-209.890	242.621
-64.439	-211.706	239.496
-54.539	-213.098	236.207
-44.589	-213.803	233.063
-34.346	-214.152	229.785
-24.015	-213.986	226.571
-13.555	-213.231	223.405
-3.166	-211.836	220.273
7.328	-209.876	217.163
17.895	-207.469	214.129
28.278	-204.447	211.163
38.757	-201.005	208.294
49.107	-197.123	205.537
59.158	-192.626	202.921
69.280	-187.673	200.370
79.328	-182.314	197.965
89.070	-176.492	195.698
98.647	-170.301	193.607
108.040	-163.576	191.610
117.202	-156.544	189.814
125.650	-150.492	188.113
134.494	-141.529	186.651
142.929	-132.894	185.315
150.683	-124.892	184.245
158.246	-115.912	183.276
165.495	-106.390	182.615
172.038	-97.609	182.090
178.348	-88.173	181.857
184.181	-78.489	181.723
189.568	-68.553	181.824
194.453	-58.505	182.247
198.971	-48.333	182.781
202.984	-38.083	183.566
206.485	-27.782	184.555
209.475	-17.354	185.698
211.944	-7.072	187.023
213.864	3.169	188.544
215.307	13.517	190.331
216.205	23.654	192.253
216.634	33.787	194.379
216.514	43.803	196.780
215.786	53.679	199.171
214.575	63.462	201.816
212.868	72.930	204.614
210.747	82.317	207.549
208.008	91.450	210.672
204.870	100.302	213.825
201.237	108.866	217.148
197.060	116.861	220.438
192.434	124.474	223.882
187.394	131.933	227.402
181.909	139.006	230.966
176.003	145.674	234.556
169.701	151.919	238.156
163.028	157.723	241.747
156.009	163.068	245.312
148.669	167.935	248.835
141.033	172.306	252.298
133.097	176.290	255.712
124.907	179.779	259.035
116.380	182.794	262.293
107.541	185.313	265.441
98.534	187.349	268.512
89.296	188.958	271.491
79.939	190.012	274.267
70.396	190.569	276.916
60.696	190.650	279.359
50.857	190.227	281.536
40.928	189.320	283.633
30.881	188.000	285.491
20.708	186.156	287.068
10.693	183.880	288.564
0.449	181.133	289.728
-9.526	177.913	290.756
-19.708	174.420	291.466
-29.631	170.353	291.982
-39.628	165.970	292.244
-49.399	161.222	292.263
-59.040	155.982	292.015
-68.517	150.482	291.513
-77.875	144.585	290.730
-86.979	138.404	289.733
-95.762	131.947	288.470
-104.377	125.078	286.939
-112.677	118.071	285.226
-120.635	110.721	283.250
-128.261	103.129	281.041
-135.487	95.340	278.625
-142.355	87.244	275.982
-148.788	78.992	273.169
-154.815	70.538	270.179
-160.402	61.976	266.983
-165.631	53.177	263.812
-170.431	44.174	260.394
-174.720	35.159	256.998
-178.630	25.928	253.418
-181.917	16.647	249.754
-184.711	7.270	246.038
-187.010	-2.176	242.286
-188.815	-11.661	238.515
-190.122	-21.160	234.739
-190.933	-30.644	230.974
-191.245	-40.086	227.236
-191.059	-49.458	223.540
-190.372	-58.732	219.902
-189.184	-67.882	216.337
-187.495	-76.879	212.862
-185.302	-85.696	209.492
-182.606	-94.305	206.242
-179.404	-102.679	203.128
-175.697	-110.790	200.165
-171.484	-118.611	197.370
-166.210	-126.402	194.712
-161.121	-133.574	192.329
-155.196	-140.652	190.126
-148.968	-147.221	187.976
-142.026	-153.558	186.069
-134.849	-159.453	184.546
-127.257	-164.899	183.087
-119.191	-169.967	181.927
-110.835	-174.625	180.990
-102.138	-178.770	180.285
-93.097	-182.495	179.818
-83.824	-185.751	179.625
-74.235	-188.493	179.702
-64.436	-190.776	179.972
-54.253	-192.607	180.474
-44.116	-193.902	181.215
-33.615	-194.680	182.175
-22.817	-195.121	183.248
-12.364	-194.890	184.702
-1.545	-194.256	186.235
9.304	-193.209	187.980
20.209	-191.670	189.919
31.080	-189.606	191.987
42.031	-187.088	194.251
52.839	-184.154	196.697
63.614	-180.708	199.241
74.245	-176.740	201.925
84.715	-172.399	204.732
95.044	-167.520	207.647
104.999	-162.212	210.689
114.624	-157.225	213.808
124.446	-150.890	216.861
133.916	-143.180	220.252
142.321	-137.400	223.342
151.004	-130.002	226.611
159.324	-122.264	229.818
167.051	-115.003	233.050
174.752	-107.079	236.294
181.881	-98.824	239.449
188.585	-90.404	242.542
194.900	-81.691	245.653
200.800	-72.908	248.642
206.096	-63.795	251.522
211.054	-54.507	254.421
215.635	-45.201	257.161
219.647	-35.788	259.853
223.158	-26.236	262.382
226.099	-16.716	264.757
228.716	-7.156	267.077
230.748	2.374	269.183
232.336	11.692	271.236
233.300	21.163	273.080
233.973	30.385	274.791
234.044	39.603	276.362
233.606	48.647	277.747
232.666	57.503	278.946
231.232	66.157	279.960
229.313	74.594	280.792
226.914	82.801	281.442
224.046	90.762	281.912
220.714	98.464	282.204
216.927	105.893	282.318
212.693	113.034	282.256
208.019	119.873	282.020
202.914	126.396	281.611
197.384	132.589	281.030
191.437	138.437	280.279
185.082	143.926	279.360
178.326	149.042	278.273
171.177	153.771	277.020
163.642	158.099	275.603
155.729	162.010	274.023
147.447	165.492	272.281
138.802	168.529	270.380
130.251	171.048	268.263
121.305	173.154	265.919
112.131	174.738	263.577
102.578	175.978	261.018
92.902	176.699	258.359
82.815	177.037	255.729
72.657	176.893	252.911
62.303	176.326	250.020
51.830	175.258	246.957
41.299	173.700	244.020
30.676	171.762	240.951
19.955	169.402	237.886
9.286	166.592	234.770
-1.511	163.313	231.627
-11.966	159.669	228.593
-22.421	155.647	225.534
-32.836	151.113	222.501
-43.065	146.290	219.499
-53.127	141.024	216.606
-62.977	135.383	213.758
-72.521	129.434	210.977
-81.951	123.052	208.286
-91.073	116.445	205.718
-99.953	109.390	203.202
-108.484	102.106	200.852
-116.738	94.444	198.600
-124.597	86.597	196.496
-132.101	78.465	194.577
-139.225	69.999	192.830
-145.850	61.474	191.209
-152.084	52.710	189.925
-157.824	43.770	188.700
-163.092	34.712	187.747
-167.936	25.498	186.999
-172.111	16.461	186.493
-175.767	7.255	186.197
-178.835	-1.595	186.151
-182.147	-12.014	185.957
-184.904	-22.561	186.251
-185.899	-30.566	186.815
-187.017	-39.828	187.528
-187.496	-49.043	188.460
-187.549	-58.205	189.504
-186.944	-67.113	190.798
-185.791	-76.010	192.355
-184.326	-84.990	194.065
-182.194	-93.600	195.999
-179.629	-101.993	198.033
-176.315	-110.128	200.320
-172.694	-117.854	202.724
-168.398	-125.543	205.335
-163.910	-132.799	208.015
-158.728	-139.760	210.820
-153.079	-146.399	213.761
-146.936	-152.645	216.746
-140.366	-158.661	219.835
-133.332	-164.229	223.027
-126.004	-169.339	226.171
-118.227	-174.101	229.486
-110.134	-178.467	232.666
-101.749	-182.474	235.858
-92.894	-186.040	239.095
-84.093	-189.107	242.347
-74.840	-191.841	245.491
-65.049	-194.258	248.516
-55.424	-196.050	251.557
-45.391	-197.533	254.492
-35.532	-198.364	257.378
-25.392	-198.902	260.120
-14.902	-199.098	262.692
-4.274	-198.885	265.131
6.225	-198.117	267.425
16.516	-196.822	269.521
27.172	-195.285	271.477
37.596	-193.171	273.220
48.050	-190.637	274.760
58.534	-187.765	276.121
68.683	-184.306	277.219
78.999	-180.575	278.143
89.078	-176.458	278.876
98.185	-173.764	279.552
108.462	-166.810	279.464
118.327	-160.297	279.283
126.914	-155.596	279.242
136.167	-149.279	278.873
144.862	-142.539	278.174
153.164	-135.833	277.268
161.052	-129.317	276.261
168.734	-122.011	274.905
175.926	-114.418	273.341
182.819	-106.672	271.629
189.377	-98.874	269.784
195.538	-90.768	267.674
201.036	-82.427	265.349
206.267	-74.020	262.950
211.094	-65.495	260.425
215.372	-56.755	257.726
219.273	-47.983	254.985
222.743	-39.230	252.166
225.565	-30.275	249.147
227.969	-21.330	246.143
229.824	-12.308	243.032
231.246	-3.307	239.980
232.102	5.700	236.828
232.431	14.472	233.675
232.241	23.312	230.565
231.460	31.993	227.408
230.216	40.463	224.332
228.379	48.776	221.219
226.072	56.870	218.194
223.212	64.878	215.264
219.711	72.626	212.441
215.781	80.044	209.626
211.343	87.243	206.980
206.414	94.502	204.508
200.929	101.372	202.154
194.993	107.614	199.891
188.538	113.623	197.796
181.708	119.352	195.895
174.304	124.496	194.146
166.558	129.307	192.573
158.406	133.902	191.205
149.873	138.108	190.020
141.032	141.841	188.989
131.872	145.178	188.229
122.484	148.078	187.654
112.816	150.593	187.250
102.839	152.670	187.093
92.632	154.260	187.072
82.253	155.371	187.234
71.680	156.023	187.634
60.947	156.253	188.175
50.070	155.982	189.000
39.049	155.287	189.950
27.927	154.187	191.108
16.849	152.602	192.443
5.755	150.646	193.961
-5.463	148.135	195.543
-16.457	145.331	197.454
-27.390	142.055	199.418
-38.233	138.468	201.542
-48.972	134.389	203.744
-59.498	129.995	206.142
-69.805	125.301	208.661
-79.937	120.175	211.224
-89.741	114.799	213.950
-99.342	109.028	216.692
-108.693	102.952	219.460
-117.661	96.645	222.305
-126.291	90.055	225.166
-134.549	83.193	228.141
-142.491	76.135	231.051
-149.955	68.876	233.916
-156.997	61.433	236.746
-163.584	53.723	239.731
-169.749	45.979	242.495
-175.424	38.094	245.347
-180.583	30.090	248.091
-185.291	22.023	250.841
-189.546	13.803	253.442
-193.243	5.616	256.026
-196.403	-2.640	258.503
-199.030	-10.945	260.868
-201.130	-19.280	263.119
-202.705	-27.624	265.250
-203.762	-35.959	267.257
-204.305	-44.263	269.136
-204.337	-52.518	270.883
-203.864	-60.702	272.494
-202.890	-68.798	273.965
-201.420	-76.784	275.290
-199.457	-84.641	276.467
-197.008	-92.348	277.491
-194.075	-99.887	278.357
-190.664	-107.237	279.062
-186.780	-114.378	279.601
-182.426	-121.290	279.971
-177.607	-127.954	280.166
-172.328	-134.350	280.183
-166.594	-140.458	280.017
-160.408	-146.258	279.665
-153.775	-151.730	279.122
-146.700	-156.854	278.383
-139.188	-161.610	277.446
-131.412	-165.999	276.244
-123.082	-170.124	274.995
-114.593	-173.783	273.468
-105.829	-177.086	271.841
-96.733	-180.039	270.019
-87.308	-182.548	268.006
-77.720	-184.670	265.922
-67.952	-186.362	263.699
-57.924	-187.664	261.194
-47.723	-188.552	258.607
-37.367	-189.050	255.920
-27.021	-189.126	253.129
-16.464	-188.712	250.230
-5.707	-187.956	247.134
5.122	-186.806	244.003
15.784	-185.165	240.821
26.510	-182.990	237.592
37.437	-180.530	234.267
47.964	-177.663	230.951
58.578	-174.171	227.583
68.963	-170.387	224.227
79.324	-166.168	220.876
89.353	-161.457	217.555
99.336	-156.373	214.249
108.566	-152.393	211.080
118.345	-145.446	207.783
127.603	-138.898	204.767
136.866	-130.871	201.616
144.876	-125.939	198.883
153.105	-118.697	196.122
161.071	-110.947	193.453
168.395	-103.608	190.964
175.369	-96.325	188.634
182.049	-88.188	186.477
188.178	-79.948	184.490
193.921	-71.642	182.682
199.192	-63.187	181.106
203.930	-54.610	179.669
208.219	-45.775	178.568
211.950	-36.948	177.586
215.160	-27.981	176.899
217.801	-19.004	176.462
219.898	-9.932	176.265
221.452	-0.965	176.326
222.425	8.000	176.639
222.839	16.803	177.190
222.684	25.613	177.964
221.970	34.292	179.036
220.684	42.833	180.336
218.869	51.218	181.867
216.555	59.452	183.636
213.641	67.482	185.636
210.248	75.245	187.815
206.337	82.806	190.236
201.984	90.060	192.831
197.030	97.083	195.613
191.607	103.861	198.591
185.836	110.508	201.737
179.634	116.393	204.961
173.030	122.108	208.323
165.897	127.161	211.754
158.537	131.903	215.310
150.864	136.455	218.990
142.723	140.693	222.767
134.290	144.510	226.577
125.658	147.881	230.355
116.548	150.918	234.223
107.216	153.595	238.109
97.806	155.773	241.892
88.054	157.602	245.699
78.203	158.955	249.386
68.171	159.842	252.967
57.964	160.326	256.547
47.677	160.410	259.930
37.159	160.106	263.200
26.610	159.274	266.245
16.068	158.069	269.225
5.453	156.538	271.945
-5.113	154.593	274.528
-15.707	152.258	276.826
-26.120	149.452	278.948
-36.601	146.428	280.901
-46.828	142.980	282.640
-56.963	139.209	284.150
-66.974	135.091	285.427
-76.741	130.709	286.443
-86.354	125.981	287.243
-95.767	120.982	287.781
-104.856	115.719	288.066
-113.714	110.204	288.066
-122.282	104.419	287.857
-130.503	98.384	287.367
-138.446	92.089	286.704
-145.989	85.535	285.728
-153.109	78.912	284.495
-159.890	71.984	283.152
-166.213	64.883	281.522
-172.099	57.603	279.699
-177.449	50.320	277.664
-182.447	42.774	275.431
-186.890	35.126	273.071
-190.830	27.359	270.546
-194.266	19.493	267.868
-197.192	11.547	265.053
-199.606	3.539	262.116
-201.504	-4.511	259.071
-202.883	-12.584	255.932
-203.738	-20.662	252.715
-204.068	-28.725	249.433
-203.868	-36.755	246.101
-203.134	-44.732	242.734
-201.864	-52.637	239.347
-200.054	-60.452	235.954
-197.700	-68.157	232.569
-194.799	-75.734	229.207
-191.347	-83.163	225.882
-187.341	-90.426	222.610
-182.933	-97.422	219.403
-177.904	-104.210	216.294
-172.301	-110.780	213.266
-166.339	-117.087	210.300
-159.818	-123.168	207.422
-152.863	-128.939	204.695
-145.419	-134.439	202.099
-137.471	-139.594	199.697
-129.268	-144.383	197.348
-120.647	-148.803	195.245
-111.704	-152.872	193.283
-102.401	-156.579	191.459
-92.779	-159.885	189.816
-82.868	-162.807	188.449
-72.715	-165.337	187.160
-62.288	-167.461	186.089
-51.658	-169.109	185.171
-40.899	-170.345	184.556
-29.918	-171.267	183.980
-18.695	-171.817	183.584
-7.511	-171.928	183.458
3.698	-171.402	183.506
14.915	-170.575	183.711
26.275	-169.381	184.142
37.541	-167.693	184.727
48.869	-165.660	185.471
59.900	-163.154	186.455
71.044	-160.273	187.567
81.889	-156.985	188.827
92.591	-153.327	190.299
103.091	-149.247	191.888
112.913	-146.375	193.661
123.441	-139.993	195.429
133.224	-134.646	197.621
142.610	-129.151	199.675
151.768	-123.318	202.017
160.529	-117.006	204.435
168.831	-110.553	206.928
176.731	-104.152	209.502
184.288	-97.325	212.184
191.390	-90.203	214.932
198.032	-82.930	217.644
204.291	-75.432	220.494
210.001	-67.889	223.396
215.233	-60.169	226.314
219.975	-52.231	229.244
224.179	-44.220	232.210
227.898	-36.041	235.104
231.020	-27.909	238.059
233.664	-19.615	241.039
235.750	-11.218	243.983
237.288	-2.984	246.888
238.309	5.369	249.715
238.769	13.502	252.497
238.657	21.664	255.167
238.050	29.708	257.829
236.888	37.623	260.387
235.184	45.394	262.832
232.953	53.009	265.160
230.208	60.453	267.361
226.963	67.711	269.430
223.233	74.770	271.359
219.030	81.616	273.142
214.370	88.234	274.772
209.265	94.611	276.241
203.730	100.732	277.543
197.779	106.583	278.671
191.425	112.151	279.617
184.682	117.420	280.376
177.564	122.378	280.939
170.085	127.010	281.300
162.259	131.302	281.452
154.100	135.240	281.389
145.622	138.809	281.102
136.838	141.997	280.585
127.763	144.788	279.832
118.431	147.292	278.919
108.874	149.378	277.822
99.010	151.081	276.473
89.021	152.443	274.956
78.901	153.380	273.159
68.572	153.971	271.183
58.106	154.147	269.063
47.555	153.884	266.763
36.876	153.364	264.249
26.122	152.397	261.635
15.394	151.086	258.850
4.606	149.384	255.892
-6.080	147.278	252.887
-16.790	144.818	249.607
-27.344	141.995	246.397
-37.746	138.832	243.041
-48.094	135.282	239.575
-58.189	131.416	236.110
-68.083	127.233	232.640
-77.741	122.651	229.084
-87.123	117.834	225.604
-96.251	112.684	222.127
-105.077	107.223	218.664
-113.594	101.494	215.304
-121.810	95.497	212.040
-129.625	89.225	208.799
-137.034	82.671	205.740
-144.060	75.923	202.721
-150.717	68.924	199.865
-156.915	61.719	197.125
-162.619	54.308	194.563
-167.849	46.780	192.232
-172.605	38.973	190.051
-176.821	31.125	187.991
-180.528	23.121	186.187
-183.372	15.518	184.642
-185.799	7.743	183.322
-188.319	-1.242	182.098
-190.200	-10.148	181.153
-191.252	-18.540	180.550
-191.178	-25.998	180.041
-190.997	-34.133	179.823
-190.154	-42.421	179.923
-189.056	-50.591	180.175
-187.102	-58.678	180.739
-184.793	-66.492	181.499
-181.834	-74.213	182.527
-178.351	-81.726	183.778
-174.377	-89.090	185.218
-169.841	-96.220	186.900
-164.819	-103.148	188.794
-159.318	-109.808	190.871
-153.223	-116.237	193.148
-146.852	-122.341	195.540
-139.979	-128.244	198.135
-132.674	-133.882	200.832
-124.907	-139.265	203.783
-116.861	-144.251	206.699
-108.456	-148.997	209.718
-99.741	-153.328	212.974
-90.697	-157.300	216.093
-81.409	-160.919	219.426
-71.833	-164.181	222.676
-62.043	-167.036	226.012
-52.055	-169.504	229.391
-41.816	-171.619	232.632
-31.486	-173.279	235.945
-20.980	-174.602	239.146
-10.418	-175.541	242.327
0.278	-176.039	245.367
11.090	-176.177	248.347
21.767	-175.863	251.220
32.555	-175.286	253.977
43.239	-174.234	256.614
53.954	-172.744	259.080
64.542	-170.946	261.414
74.969	-168.795	263.592
85.210	-166.902	265.628
95.289	-164.110	267.484
105.530	-160.157	269.059
115.366	-156.329	270.473
124.889	-152.289	271.641
134.216	-148.049	272.746
143.267	-143.252	273.634
152.016	-137.977	274.230
160.398	-133.040	274.719
168.413	-127.597	274.916
176.096	-121.730	274.984
183.411	-115.652	274.817
190.327	-109.152	274.482
196.681	-102.537	273.901
202.620	-95.690	273.141
208.033	-88.550	272.152
213.192	-81.498	271.031
217.916	-74.019	269.761
222.115	-66.690	268.264
225.870	-59.172	266.661
229.110	-51.496	264.907
231.875	-43.711	263.015
234.174	-35.902	260.992
235.889	-28.105	258.856
237.127	-20.221	256.603
237.862	-12.327	254.277
237.977	-4.532	251.853
237.624	3.311	249.385
236.725	11.095	246.858
235.281	18.756	244.253
233.279	26.350	241.601
230.719	33.799	238.907
227.647	41.218	236.230
224.122	48.427	233.553
219.964	55.570	230.879
215.357	62.411	228.232
210.258	69.059	225.601
204.603	75.443	222.977
198.424	81.770	220.447
191.989	87.994	218.019
184.992	93.896	215.599
177.499	99.154	213.202
169.726	104.349	210.906
161.522	109.053	208.654
152.930	113.292	206.476
144.039	117.387	204.415
134.893	121.111	202.453
125.425	124.529	200.616
115.658	127.611	198.921
105.535	130.325	197.405
95.369	132.604	195.977
84.825	134.564	194.710
74.136	136.151	193.599
63.431	137.367	192.612
52.395	138.174	191.823
41.345	138.551	191.144
30.136	138.631	190.732
18.914	138.300	190.444
7.823	137.534	190.329
-3.368	136.431	190.362
-14.514	134.907	190.556
-25.569	133.033	190.876
-36.533	130.681	191.441
-47.246	127.987	192.145
-57.811	124.996	193.001
-68.311	121.533	194.010
-78.466	117.802	195.143
-88.403	113.794	196.457
-98.055	109.357	197.895
-107.390	104.669	199.491
-116.437	99.703	201.233
-125.172	94.405	203.136
-133.449	88.915	205.131
-141.372	83.112	207.257
-148.892	77.144	209.514
-156.026	70.833	211.952
-162.647	64.401	214.361
-168.847	57.723	216.924
-174.557	50.849	219.580
-179.768	43.818	222.237
-184.454	36.772	225.058
-188.730	29.364	227.838
-192.351	22.087	230.663
-195.535	14.608	233.581
-198.216	7.188	236.434
-200.301	-0.303	239.293
-201.803	-7.846	242.146
-202.731	-15.420	244.980
-203.098	-23.007	247.783
-202.913	-30.588	250.541
-202.189	-38.145	253.243
-200.935	-45.656	255.876
-199.165	-53.105	258.428
-196.887	-60.471	260.885
-194.114	-67.735	263.237
-190.856	-74.879	265.469
-187.124	-81.883	267.569
-182.931	-88.728	269.526
-178.285	-95.395	271.326
-173.200	-101.866	272.958
-167.685	-108.120	274.407
-161.751	-114.139	275.663
-155.411	-119.904	276.712
-148.674	-125.395	277.542
-141.409	-130.795	278.264
-133.664	-135.911	278.802
-125.693	-140.758	279.032
-117.426	-145.307	279.105
-108.704	-149.587	278.945
-99.773	-153.564	278.627
-90.580	-157.214	277.973
-81.097	-160.527	277.156
-71.408	-163.468	276.136
-61.453	-166.081	274.834
-51.410	-168.329	273.464
-41.254	-170.256	271.805
-30.844	-171.809	269.961
-20.448	-172.966	267.945
-9.782	-173.835	265.736
0.861	-174.166	263.302
11.360	-174.108	260.810
21.971	-173.698	258.110
32.660	-173.028	255.280
43.199	-171.797	252.312
53.695	-170.217	249.201
63.993	-168.335	246.068
74.179	-165.985	242.718
84.235	-163.331	239.342
93.925	-160.596	235.900
103.132	-158.582	232.411
112.838	-153.684	228.800
122.153	-149.014	225.066
131.373	-143.640	221.581
140.094	-138.127	218.016
147.847	-134.880	214.702
155.871	-129.106	211.213
163.487	-123.102	207.875
170.758	-116.811	204.562
177.556	-110.727	201.465
183.857	-104.467	198.391
189.735	-97.643	195.497
195.248	-90.583	192.716
200.263	-83.382	190.097
204.754	-75.980	187.666
208.775	-68.447	185.470
212.177	-60.794	183.370
215.121	-52.971	181.554
217.522	-44.992	179.915
219.382	-37.011	178.601
220.673	-29.067	177.378
221.429	-20.991	176.472
221.658	-12.745	175.911
221.334	-4.733	175.443
220.392	3.275	175.211
218.962	11.315	175.336
216.943	19.151	175.651
214.431	27.039	176.312
211.362	34.671	177.101
207.740	42.356	178.187
203.681	49.917	179.575
199.073	57.170	181.160
194.009	64.408	182.968
188.453	71.329	185.029
182.396	78.013	187.242
176.001	84.892	189.720
169.157	90.950	192.362
161.953	96.844	195.182
154.236	102.161	198.051
146.217	107.366	201.098
137.960	112.337	204.305
129.275	116.867	207.569
120.364	121.128	210.941
111.271	125.075	214.375
101.865	128.620	217.892
92.204	131.770	221.414
82.298	134.653	225.042
72.317	137.029	228.640
62.178	139.147	232.260
51.877	140.782	235.772
41.458	142.151	239.457
30.916	143.113	243.005
20.460	143.658	246.524
9.802	143.843	249.931
-0.804	143.699	253.253
-11.326	143.116	256.444
-21.848	142.158	259.514
-32.192	140.868	262.470
-42.477	139.242	265.236
-52.709	137.192	267.857
-62.686	134.848	270.347
-72.612	132.143	272.609
-82.242	129.050	274.697
-91.739	125.693	276.610
-100.940	121.991	278.301
-109.910	118.020	279.783
-118.639	113.721	281.074
-127.036	109.175	282.142
-135.056	104.369	282.995
-142.767	99.343	283.642
-150.048	94.092	284.062
-157.048	88.430	284.283
-163.511	82.741	284.285
-169.559	76.783	284.028
-175.067	70.824	283.587
-180.170	64.561	282.922
-184.784	58.170	282.089
-188.999	51.513	281.089
-192.703	44.685	279.819
-195.879	37.734	278.383
-198.528	30.676	276.786
-200.653	23.525	275.038
-202.256	16.296	273.146
-203.342	9.004	271.117
-203.911	1.664	268.960
-203.968	-5.709	266.682
-203.515	-13.100	264.291
-202.554	-20.495	261.794
-201.088	-27.878	259.200
-199.121	-35.235	256.517
-196.654	-42.551	253.751
-193.691	-49.810	250.911
-190.233	-56.999	248.005
-186.285	-64.101	245.040
-181.849	-71.103	242.024
-176.927	-77.989	238.965
-171.522	-84.745	235.870
-165.637	-91.355	232.748
-159.158	-97.902	229.715
-152.457	-103.981	226.572
-145.099	-109.917	223.542
-137.391	-115.553	220.552
-129.274	-120.902	217.552
-120.851	-126.002	214.626
-111.999	-130.834	211.759
-102.954	-135.310	209.009
-93.547	-139.478	206.282
-83.925	-143.292	203.654
-73.949	-146.847	201.259
-63.812	-150.036	198.841
-53.467	-152.867	196.646
-42.949	-155.281	194.596
-32.181	-157.383	192.589
-21.331	-159.130	190.750
-10.475	-160.443	189.066
0.454	-161.395	187.594
11.494	-161.926	186.258
22.559	-162.046	185.091
33.595	-161.781	184.093
44.606	-161.128	183.251
55.541	-160.030	182.635
66.365	-158.529	182.195
77.080	-156.605	181.957
87.557	-154.317	181.919
97.938	-151.738	182.095
108.051	-148.683	182.434
117.535	-146.494	183.016
126.511	-145.008	183.917
136.760	-137.144	184.392
145.690	-132.818	185.739
154.107	-128.680	187.052
162.399	-123.085	188.486
170.232	-117.622	190.208
177.629	-111.812	191.989
184.482	-106.199	193.981
190.972	-100.141	196.174
197.015	-93.767	198.420
202.592	-87.133	200.844
207.685	-80.302	203.449
212.247	-73.253	206.145
216.330	-65.980	208.945
219.854	-58.631	211.849
222.899	-51.149	214.883
225.422	-43.408	218.029
227.400	-35.727	221.187
228.814	-27.986	224.417
229.723	-20.135	227.810
230.077	-12.348	231.091
229.935	-4.408	234.417
229.245	3.466	237.732
227.920	11.160	241.046
226.132	18.814	244.268
223.865	26.412	247.536
221.053	33.849	250.677
217.706	41.235	253.757
213.982	48.426	256.707
209.741	55.482	259.613
205.028	62.632	262.438
199.998	69.537	265.119
194.303	75.975	267.614
188.396	82.372	270.000
181.923	88.170	272.180
175.259	93.953	274.241
168.077	99.535	276.141
160.736	104.805	277.793
153.024	109.848	279.256
145.123	114.670	280.541
136.854	119.109	281.570
128.256	123.268	282.343
119.436	127.117	282.885
110.400	130.623	283.194
101.171	133.771	283.234
91.657	136.538	283.026
82.032	138.997	282.569
72.198	141.151	281.915
62.282	142.909	280.940
52.080	144.302	279.738
41.845	145.354	278.320
31.601	146.095	276.743
21.323	146.451	274.914
10.909	146.461	272.836
0.461	146.031	270.534
-9.888	145.326	268.095
-20.177	144.251	265.490
-30.218	142.882	262.752
-40.220	141.138	259.831
-50.079	139.026	256.752
-59.720	136.584	253.575
-69.143	133.875	250.294
-78.375	130.789	246.895
-87.285	127.337	243.453
-96.013	123.621	239.936
-104.403	119.618	236.404
-112.483	115.205	232.812
-120.182	110.528	229.251
-127.611	105.586	225.683
-134.657	100.282	222.144
-141.264	94.708	218.654
-147.554	88.847	215.223
-153.385	82.813	211.861
-158.808	76.386	208.620
-163.740	69.816	205.492
-168.219	63.048	202.439
-172.213	56.030	199.646
-175.756	48.783	197.025
-178.650	41.526	194.560
-181.193	34.050	192.278
-183.120	26.438	190.224
-184.329	19.064	188.398
-185.089	11.422	186.686
-184.696	4.841	185.313
-185.137	-4.124	183.803
-184.898	-13.123	182.977
-183.508	-20.864	182.100
-181.494	-28.629	181.602
-178.789	-36.014	181.195
-175.827	-43.766	181.063
-172.177	-51.432	181.083
-168.268	-58.893	181.379
-163.816	-66.417	181.890
-158.752	-74.145	182.672
-153.433	-81.364	183.635
-147.630	-88.429	184.733
-141.349	-95.325	186.190
-134.638	-101.965	187.808
-127.547	-108.345	189.504
-120.138	-114.436	191.429
-112.350	-120.310	193.606
-104.197	-125.891	195.786
-95.760	-131.223	198.215
-87.052	-136.195	200.726
-78.024	-140.910	203.317
-68.696	-145.314	206.038
-59.149	-149.328	208.764
-49.366	-153.047	211.546
-39.418	-156.429	214.443
-29.378	-159.392	217.395
-19.025	-162.007	220.310
-8.605	-164.320	223.229
1.610	-166.152	226.253
12.167	-167.760	229.191
22.592	-168.888	232.100
33.228	-169.734	235.000
43.527	-170.084	237.817
54.007	-170.085	240.618
64.317	-169.723	243.291
74.405	-169.061	245.940
84.503	-167.876	248.486
94.191	-166.629	250.957
103.362	-166.395	253.407
113.174	-162.977	255.446
122.653	-159.154	257.389
132.030	-154.835	259.095
140.198	-153.227	261.247
148.614	-149.186	262.842
156.692	-144.905	264.282
164.477	-140.123	265.656
171.761	-135.635	266.882
178.729	-130.823	267.878
185.353	-125.432	268.758
191.541	-119.807	269.504
197.299	-113.923	269.967
202.706	-107.713	270.292
207.698	-101.325	270.501
212.187	-94.965	270.573
216.184	-88.126	270.345
219.742	-81.174	270.106
222.837	-74.173	269.588
225.385	-66.990	268.922
227.508	-59.610	268.099
229.117	-52.296	267.106
230.213	-44.791	266.049
230.791	-37.217	264.848
230.833	-29.634	263.449
230.401	-21.918	261.898
229.475	-14.222	260.268
227.949	-6.627	258.541
225.972	1.016	256.692
223.517	8.517	254.740
220.616	16.009	252.745
217.137	23.480	250.562
213.216	30.813	248.399
208.895	38.160	246.108
204.042	45.111	243.763
198.808	52.080	241.404
193.178	58.865	238.969
187.066	65.557	236.483
180.673	72.278	234.026
173.711	78.217	231.438
166.438	84.138	228.897
158.857	89.942	226.253
150.759	95.162	223.638
142.387	100.170	221.044
133.672	104.749	218.461
124.673	109.208	215.926
115.425	113.351	213.426
105.936	117.182	210.988
96.214	120.722	208.622
86.282	123.943	206.335
76.134	126.790	204.111
65.921	129.330	201.989
55.581	131.571	200.040
45.016	133.329	198.242
34.521	134.739	196.453
23.957	135.801	194.896
13.338	136.471	193.390
2.860	136.820	192.083
-7.644	136.662	190.951
-18.200	136.227	190.001
-28.452	135.248	189.182
-38.744	133.927	188.483
-48.846	132.254	188.013
-58.678	130.266	187.702
-68.371	127.863	187.583
-77.829	125.009	187.620
-87.063	121.850	187.877
-95.995	118.359	188.343
-104.665	114.487	188.991
-113.027	110.308	189.843
-121.008	105.903	190.860
-128.716	101.056	192.070
-135.967	95.974	193.466
-142.884	90.554	195.065
-149.375	84.862	196.871
-155.435	78.974	198.740
-161.073	72.791	200.851
-166.212	66.395	203.160
-170.873	59.753	205.462
-174.960	52.969	207.963
-178.571	46.012	210.559
-181.651	38.857	213.193
-184.177	31.709	216.042
-186.215	24.354	218.891
-187.699	16.918	221.815
-188.675	9.385	224.790
-188.899	2.223	227.885
-188.758	-5.254	230.853
-187.862	-12.318	233.976
-186.778	-19.865	236.917
-185.860	-28.620	240.126
-184.229	-36.923	243.215
-181.497	-44.162	246.168
-178.522	-51.552	249.164
-175.106	-58.838	252.077
-171.051	-65.767	254.786
-166.629	-72.886	257.473
-161.773	-79.746	260.040
-156.509	-86.755	262.429
-151.085	-93.690	264.737
-145.048	-100.289	266.861
-138.580	-106.637	268.730
-131.859	-112.878	270.494
-124.664	-118.953	272.087
-117.253	-124.741	273.388
-109.428	-130.311	274.602
-101.337	-135.641	275.485
-92.959	-140.642	276.204
-84.333	-145.391	276.571
-75.456	-149.830	276.826
-66.381	-153.978	276.921
-57.140	-157.841	276.610
-47.685	-161.365	276.223
-38.088	-164.522	275.543
-28.263	-167.408	274.639
-18.663	-169.761	273.588
-8.408	-171.965	272.162
1.484	-173.624	270.625
11.502	-174.912	268.903
21.322	-175.873	267.006
31.345	-176.512	264.907
41.217	-176.738	262.658
50.932	-176.388	260.197
60.635	-175.848	257.599
69.907	-174.682	254.854
79.402	-173.364	252.000
88.797	-171.552	248.989
97.562	-169.302	245.866
106.433	-167.139	242.671
114.511	-165.539	239.498
122.456	-163.899	236.288
131.554	-156.937	232.637
139.463	-152.743	229.295
147.197	-147.473	225.776
154.179	-143.644	222.458
160.895	-138.909	219.141
167.388	-133.390	215.809
173.506	-127.509	212.553
179.298	-121.321	209.323
184.423	-115.112	206.191
189.145	-108.956	203.227
193.472	-102.220	200.328
197.292	-95.200	197.567
200.662	-87.998	194.913
203.507	-80.686	192.459
205.877	-73.020	190.147
207.692	-65.386	188.000
209.052	-57.526	186.007
209.881	-49.615	184.267
210.251	-41.476	182.709
210.046	-33.381	181.335
209.324	-25.200	180.219
208.110	-17.057	179.270
206.343	-8.850	178.560
204.195	-0.604	178.124
201.458	7.425	177.869
198.222	15.561	177.894
194.513	23.539	178.095
190.315	31.422	178.556
185.663	39.181	179.226
180.646	46.848	180.113
175.117	54.317	181.236
169.073	61.585	182.566
162.808	68.737	184.082
156.058	75.639	185.799
148.984	82.350	187.728
141.573	89.002	189.862
133.824	95.069	192.091
125.763	100.853	194.510
117.346	106.124	196.974
108.674	111.207	199.641
99.896	116.009	202.388
90.875	120.464	205.252
81.925	124.569	208.220
72.371	128.415	211.284
62.879	131.863	214.388
53.371	134.868	217.502
43.611	137.601	220.735
33.773	139.935	223.957
23.886	141.922	227.127
13.943	143.443	230.363
3.931	144.638	233.593
-6.042	145.478	236.806
-15.815	145.864	239.995
-25.574	145.882	243.055
-35.348	145.506	246.127
-44.911	144.757	249.166
-54.330	143.634	252.068
-63.645	142.126	254.844
-72.806	140.194	257.571
-81.680	137.979	260.153
-90.442	135.429	262.649
-98.854	132.459	264.959
-107.070	129.167	267.147
-114.978	125.572	269.189
-122.567	121.732	271.082
-129.888	117.429	272.777
-136.785	113.000	274.307
-143.357	108.160	275.667
-149.516	103.133	276.817
-155.344	97.766	277.820
-160.692	92.196	278.592
-165.655	86.395	279.200
-170.169	80.317	279.624
-174.225	74.097	279.878
-177.835	67.653	279.921
-181.031	61.031	279.757
-183.691	54.237	279.432
-185.897	47.324	278.951
-187.679	40.202	278.247
-189.006	32.844	277.376
-189.873	25.291	276.342
-190.274	17.589	275.143
-190.205	9.779	273.782
-189.661	1.905	272.260
-188.638	-5.990	270.577
-187.130	-13.861	268.735
-185.133	-21.667	266.734
-182.642	-29.364	264.576
-179.652	-36.908	262.261
-176.159	-44.256	259.791
-172.157	-51.366	257.166
-167.642	-58.193	254.388
-162.610	-64.695	251.457
-157.273	-71.816	248.596
-151.617	-79.295	245.702
-145.669	-86.114	242.586
-139.117	-92.965	239.547
-132.366	-99.529	236.320
-125.103	-105.856	233.179
-117.615	-111.934	229.939
-109.686	-117.817	226.736
-101.537	-123.389	223.611
-93.048	-128.699	220.342
-84.351	-133.718	217.215
-75.366	-138.436	214.016
-66.226	-142.846	210.948
-56.856	-146.932	208.020
-47.360	-150.648	205.113
-37.478	-154.071	202.173
-27.640	-157.076	199.428
-17.722	-159.693	196.814
-7.630	-161.939	194.315
2.454	-163.838	191.970
12.442	-165.248	189.772
22.693	-166.343	187.689
32.735	-166.913	185.796
42.897	-167.135	184.039
52.917	-166.933	182.475
62.780	-166.341	181.120
72.634	-165.331	179.943
82.184	-163.805	178.946
91.730	-161.943	178.223
100.926	-159.686	177.653
109.943	-157.034	177.334
118.727	-153.893	177.197
127.120	-150.562	177.298
134.858	-148.408	177.568
143.052	-142.942	178.133
150.703	-137.632	178.922
158.087	-131.793	179.878
164.427	-128.036	181.105
170.883	-122.199	182.512
176.822	-116.131	184.155
181.975	-109.669	185.880
186.700	-103.669	187.831
191.379	-97.073	190.049
195.413	-90.293	192.367
199.095	-83.196	194.887
202.229	-75.888	197.562
204.925	-68.443	200.394
207.051	-60.917	203.306
208.773	-53.130	206.361
209.998	-45.315	209.516
210.683	-37.374	212.809
210.890	-29.380	216.152
210.636	-21.300	219.549
209.907	-13.165	223.025
208.659	-5.058	226.521
206.909	2.966	230.014
204.675	11.101	233.539
202.042	19.028	237.052
198.906	26.988	240.519
195.286	34.710	243.911
191.302	42.450	247.282
186.890	49.947	250.549
181.945	57.296	253.712
176.823	64.610	256.788
171.232	71.853	259.752
165.374	78.657	262.547
158.952	84.966	265.139
152.330	91.203	267.614
145.365	97.314	269.929
138.297	103.151	272.035
130.771	108.699	273.936
123.006	113.955	275.658
115.085	118.958	277.135
106.952	123.724	278.417
98.661	128.125	279.444
90.095	132.153	280.193
81.422	135.924	280.761
72.536	139.307	281.121
63.673	142.329	281.159
54.652	144.980	280.951
45.313	147.338	280.567
36.043	149.307	279.890
26.904	150.832	278.874
17.421	152.082	277.788
8.092	152.976	276.430
-1.441	153.445	274.821
-10.821	153.573	273.017
-20.110	153.320	271.011
-29.303	152.644	268.805
-38.520	151.624	266.407
-47.494	150.225	263.850
-56.263	148.472	261.150
-64.845	146.443	258.344
-73.230	143.952	255.378
-81.452	141.117	252.326
-89.374	137.980	249.190
-96.939	134.471	245.961
-104.355	130.568	242.704
-111.387	126.415	239.400
-118.134	121.985	236.106
-124.533	117.079	232.730
-130.465	111.939	229.405
-136.125	106.549	226.105
-141.406	100.732	222.820
-146.248	94.728	219.582
-150.710	88.388	216.437
-154.668	81.892	213.298
-158.279	75.021	210.341
-161.410	67.973	207.476
-164.130	60.712	204.688
-166.310	53.259	202.031
-168.018	45.573	199.548
-169.304	37.707	197.236
-170.035	29.782	194.988
-170.297	21.747	193.007
-169.962	13.801	191.192
-168.999	5.817	189.462
-167.248	-1.622	188.040
-166.127	-10.941	186.642
-164.252	-19.769	185.558
-161.494	-27.812	184.607
-158.423	-36.480	183.996
-154.377	-43.806	183.447
-150.259	-52.182	183.177
-145.734	-60.202	183.052
-140.813	-68.023	183.132
-135.518	-75.731	183.378
-129.732	-83.308	183.908
-123.565	-90.686	184.592
-117.075	-97.825	185.439
-110.145	-104.832	186.484
-102.942	-111.545	187.713
-95.399	-118.088	189.171
-87.621	-124.291	190.740
-79.529	-130.211	192.324
-71.220	-135.841	194.235
-62.651	-141.150	196.156
-53.814	-146.164	198.199
-44.925	-150.770	200.490
-35.700	-155.154	202.738
-26.481	-159.032	205.148
-17.186	-162.507	207.636
-7.460	-165.734	210.073
2.072	-168.520	212.713
11.650	-170.877	215.379
21.400	-172.849	218.014
31.065	-174.486	220.737
40.624	-175.704	223.480
50.332	-176.550	226.208
59.817	-176.913	228.923
69.124	-176.795	231.638
78.438	-176.384	234.326
87.566	-175.539	236.982
96.504	-174.298	239.593
105.298	-172.621	242.142
113.706	-170.745	244.618
121.574	-169.925	247.092
130.057	-165.534	249.335
137.915	-161.611	251.447
145.908	-155.994	253.344
152.305	-154.614	255.613
159.145	-149.985	257.530
165.638	-144.902	259.217
171.748	-139.735	260.842
177.414	-134.753	262.418
182.669	-129.297	263.769
187.571	-123.195	264.908
192.005	-116.899	265.967
196.154	-110.520	266.925
199.735	-103.651	267.605
202.886	-96.738	268.129
205.724	-89.559	268.580
208.162	-82.328	268.828
210.043	-74.928	268.932
211.521	-67.367	268.775
212.545	-59.733	268.571
213.105	-51.874	268.144
213.215	-44.086	267.541
212.892	-36.129	266.808
212.091	-28.249	265.920
210.837	-20.174	264.812
209.082	-12.227	263.607
206.926	-4.158	262.201
204.320	3.792	260.682
201.289	11.726	259.037
197.806	19.605	257.264
193.867	27.337	255.344
189.599	35.004	253.360
184.868	42.638	251.181
179.744	49.944	249.002
174.313	57.245	246.663
168.467	64.379	244.258
162.337	71.371	241.795
155.797	78.056	239.256
148.960	84.491	236.644
141.794	90.619	233.942
134.338	96.556	231.201
126.595	102.140	228.430
118.585	107.373	225.627
110.410	112.345	222.811
101.935	117.009	220.007
93.274	121.346	217.161
84.384	125.228	214.399
75.328	128.921	211.641
66.178	132.135	208.971
56.925	135.099	206.343
47.518	137.640	203.858
38.067	139.843	201.441
28.577	141.599	199.129
18.866	143.008	197.063
9.233	143.981	195.073
-0.358	144.577	193.260
-9.831	144.852	191.548
-19.376	144.685	190.067
-28.663	144.019	188.790
-37.941	142.990	187.685
-46.938	141.617	186.674
-55.778	139.741	185.882
-64.544	137.453	185.272
-72.959	134.857	184.851
-81.116	131.833	184.648
-89.118	128.354	184.602
-96.776	124.540	184.828
-104.118	120.458	185.228
-111.159	115.887	185.841
-117.875	111.055	186.673
-124.219	105.911	187.739
-130.206	100.480	188.918
-135.810	94.686	190.357
-141.046	88.630	191.981
-145.812	82.299	193.798
-150.176	75.798	195.774
-154.112	69.006	197.892
-157.620	62.066	200.248
-160.701	54.766	202.753
-163.195	47.483	205.353
-165.342	39.866	208.089
-166.929	32.339	210.903
-168.105	24.459	213.816
-168.740	16.677	216.809
-168.930	8.709	219.868
-168.560	0.769	222.923
-167.394	-6.715	226.010
-166.327	-15.037	229.106
-164.038	-21.955	232.143
-162.460	-31.108	235.262
-160.047	-39.611	238.045
-157.407	-48.201	241.218
-154.076	-56.289	244.231
-150.507	-64.628	247.166
-145.788	-71.441	249.841
-141.198	-79.018	252.586
-136.182	-86.498	255.227
-130.967	-93.709	257.612
-125.426	-100.813	259.942
-119.327	-107.748	262.176
-113.063	-114.423	264.180
-106.459	-120.785	266.009
-99.629	-126.978	267.561
-92.502	-133.006	269.110
-85.109	-138.719	270.319
-77.492	-144.167	271.336
-69.671	-149.284	272.180
-61.477	-154.202	272.690
-53.184	-158.752	273.063
-44.703	-163.019	273.253
-36.193	-166.926	273.256
-27.403	-170.507	272.945
-18.533	-173.677	272.408
-9.487	-176.571	271.743
-0.600	-179.003	270.851
8.610	-181.096	269.731
17.618	-182.736	268.423
26.583	-183.975	267.015
35.759	-184.975	265.364
44.549	-185.313	263.543
53.544	-185.455	261.574
62.264	-185.119	259.453
70.838	-184.271	257.173
79.325	-183.019	254.767
87.526	-181.292	252.239
95.560	-179.226	249.604
103.496	-176.733	246.862
111.044	-173.897	244.041
118.287	-171.124	241.122
125.048	-168.867	238.157
132.187	-163.909	235.086
138.915	-158.541	231.737
145.814	-151.826	228.610
151.750	-146.696	225.549
156.783	-143.393	222.623
162.031	-137.548	219.547
167.039	-131.315	216.539
171.654	-124.654	213.608
175.863	-117.824	210.614
179.545	-111.219	207.819
182.774	-104.246	205.110
185.644	-96.812	202.487
188.130	-89.139	199.964
190.092	-81.290	197.544
191.612	-73.301	195.253
192.666	-65.167	193.192
193.223	-56.953	191.126
193.362	-48.477	189.345
193.004	-40.050	187.729
192.095	-31.514	186.266
190.770	-22.871	185.058
188.971	-14.324	183.916
186.754	-5.651	183.055
184.118	2.890	182.374
180.981	11.376	181.843
177.460	19.814	181.510
173.572	28.185	181.456
169.142	36.307	181.453
164.448	44.374	181.770
159.412	52.297	182.240
153.937	60.079	182.979
148.226	67.737	183.807
142.130	75.349	184.894
135.703	82.464	186.134
128.960	89.468	187.551
121.811	95.716	189.105
114.454	102.083	190.888
106.888	107.972	192.804
99.035	113.579	194.865
91.024	118.924	197.027
82.835	123.883	199.355
74.275	128.498	201.827
65.739	132.734	204.394
57.058	136.615	207.032
48.199	140.036	209.667
39.120	143.046	212.512
30.151	145.654	215.340
21.078	147.881	218.251
12.001	149.695	221.209
2.895	151.078	224.221
-6.167	152.125	227.259
-15.166	152.741	230.327
-23.999	152.924	233.370
-32.810	152.700	236.370
-41.377	152.053	239.395
-49.964	151.069	242.350
-58.242	149.603	245.319
-66.463	147.843	248.165
-74.358	145.582	250.934
-82.218	142.958	253.629
-89.790	140.050	256.218
-97.084	136.709	258.724
-104.157	133.031	261.117
-110.983	129.022	263.416
-117.476	124.698	265.604
-123.663	120.028	267.610
-129.543	115.023	269.514
-135.108	109.847	271.279
-140.357	104.273	272.844
-145.181	98.536	274.288
-149.625	92.476	275.492
-153.696	86.212	276.542
-157.310	79.702	277.352
-160.538	73.038	277.965
-163.297	66.176	278.423
-165.660	59.131	278.601
-167.556	51.889	278.693
-168.997	44.569	278.439
-170.126	36.962	278.008
-170.681	29.440	277.445
-170.926	21.652	276.674
-170.638	13.846	275.634
-169.966	5.901	274.451
-168.898	-1.995	273.060
-167.340	-9.907	271.515
-165.435	-17.988	269.805
-162.725	-25.299	267.827
-160.095	-33.426	265.713
-156.614	-40.758	263.342
-153.604	-49.532	261.060
-150.002	-57.955	258.577
-145.843	-65.700	256.002
-141.022	-73.128	253.222
-135.812	-80.321	250.356
-130.608	-87.908	247.324
-124.904	-94.986	244.244
-118.820	-101.969	241.117
-112.536	-108.736	237.858
-105.822	-115.208	234.562
-98.860	-121.429	231.345
-91.602	-127.369	227.937
-84.018	-133.088	224.534
-76.244	-138.457	221.141
-68.251	-143.571	217.815
-59.997	-148.378	214.532
-51.658	-152.762	211.294
-43.088	-156.857	208.049
-34.348	-160.552	204.929
-25.366	-163.852	201.835
-16.390	-166.780	198.958
-7.492	-169.207	196.152
1.720	-171.313	193.414
10.763	-172.977	190.904
19.910	-174.200	188.526
29.039	-175.091	186.341
37.892	-175.389	184.370
46.851	-175.310	182.485
55.705	-174.789	180.834
64.480	-173.801	179.376
73.082	-172.309	178.092
81.516	-170.490	177.058
89.774	-168.218	176.258
97.897	-165.448	175.618
105.735	-162.344	175.255
113.513	-158.846	175.093
120.940	-154.863	175.146
127.925	-150.743	175.386
134.323	-147.817	175.901
141.190	-141.624	176.467
147.654	-135.096	177.516
153.846	-127.877	178.653
158.680	-123.979	180.187
163.795	-117.203	181.794
168.496	-110.336	183.610
172.689	-103.530	185.600
176.414	-96.733	187.797
179.798	-89.281	190.229
182.651	-81.638	192.793
185.121	-73.894	195.430
187.182	-65.924	198.245
188.730	-57.850	201.187
189.868	-49.578	204.352
190.556	-41.256	207.488
190.832	-32.883	210.733
190.660	-24.498	214.164
190.071	-15.988	217.517
189.060	-7.455	221.044
187.622	1.033	224.452
185.756	9.490	228.017
183.480	17.918	231.462
180.790	26.214	234.992
177.711	34.496	238.476
174.313	42.613	241.816
170.534	50.680	245.190
166.289	58.683	248.399
161.822	66.393	251.529
156.919	73.873	254.562
151.680	80.894	257.400
146.111	87.745	260.127
140.307	94.516	262.750
134.232	101.034	265.208
127.792	107.243	267.449
121.254	113.164	269.560
114.458	118.852	271.416
107.423	124.262	273.147
100.130	129.283	274.671
92.699	133.962	275.943
85.067	138.303	277.050
77.240	142.246	277.890
69.307	145.908	278.495
61.157	149.111	278.850
52.979	152.018	279.043
44.692	154.571	278.905
36.308	156.690	278.558
27.960	158.459	277.999
19.562	159.823	277.270
11.031	160.793	276.226
2.514	161.364	275.008
-5.836	161.524	273.596
-14.131	161.401	272.010
-22.359	160.789	270.252
-30.569	159.829	268.297
-38.533	158.467	266.216
-46.478	156.685	263.899
-54.285	154.523	261.493
-61.932	151.958	258.958
-69.337	149.082	256.321
-76.517	145.843	253.595
-83.500	142.237	250.737
-90.243	138.245	247.861
-96.676	133.920	244.887
-102.884	129.223	241.854
-108.669	124.212	238.775
-114.194	118.989	235.702
-119.441	113.316	232.598
-124.271	107.399	229.522
-128.840	101.097	226.404
-132.967	94.575	223.306
-136.715	87.729	220.255
-140.078	80.731	217.191
-143.006	73.388	214.229
-145.553	65.867	211.314
-147.661	58.128	208.456
-149.417	50.171	205.831
-150.641	42.059	203.159
-151.503	33.716	200.726
-151.871	25.342	198.357
-151.898	16.778	196.121
-151.351	8.303	194.124
-150.225	0.133	192.265
-148.758	-8.249	190.560
-147.193	-17.233	188.988
-145.322	-26.374	187.508
-142.699	-35.127	186.453
-140.255	-44.381	185.570
-136.395	-51.904	184.715
-132.405	-60.408	184.164
-128.339	-68.589	183.700
-123.678	-76.677	183.438
-118.751	-84.643	183.370
-113.428	-92.415	183.467
-107.755	-99.969	183.681
-101.746	-107.381	184.219
-95.500	-114.462	184.756
-88.812	-121.306	185.542
-81.915	-127.882	186.521
-74.715	-134.121	187.718
-67.318	-140.050	188.964
-59.726	-145.620	190.501
-51.788	-150.955	192.076
-43.835	-155.860	193.887
-35.674	-160.367	195.810
-27.431	-164.448	197.842
-18.873	-168.227	199.988
-10.445	-171.498	202.275
-1.901	-174.360	204.654
6.795	-176.877	207.103
15.392	-178.915	209.657
24.206	-180.592	212.241
32.865	-181.837	214.868
41.441	-182.562	217.585
50.138	-182.991	220.303
58.450	-182.900	223.091
66.975	-182.415	225.840
75.352	-181.548	228.620
83.227	-180.102	231.366
91.421	-178.380	234.114
99.162	-176.184	236.773
106.786	-173.597	239.404
113.934	-170.721	241.997
120.797	-169.290	244.651
128.048	-163.749	246.999
134.883	-158.706	249.196
141.443	-152.954	251.375
146.956	-150.053	253.735
152.636	-144.471	255.784
158.114	-138.577	257.648
163.045	-132.653	259.501
167.638	-126.839	261.128
171.942	-120.324	262.601
175.761	-113.552	263.917
179.320	-106.504	265.132
182.468	-99.296	266.137
185.245	-91.946	266.896
187.631	-84.430	267.612
189.618	-76.702	268.069
191.248	-68.799	268.378
192.455	-60.868	268.484
193.265	-52.643	268.367
193.681	-44.564	268.163
193.696	-36.260	267.708
193.378	-27.923	267.117
192.553	-19.655	266.348
191.381	-11.198	265.339
189.785	-2.875	264.251
187.821	5.414	262.945
185.507	13.772	261.494
182.720	21.953	259.875
179.594	30.021	258.122
176.044	37.922	256.221
172.246	45.867	254.158
167.996	53.476	252.009
163.377	60.997	249.692
158.473	68.325	247.288
153.232	75.540	244.770
147.775	82.336	242.166
141.927	89.034	239.481
135.826	95.380	236.727
129.502	101.496	233.914
122.789	107.269	231.034
115.915	112.723	228.132
108.737	117.944	225.237
101.401	122.786	222.309
93.776	127.388	219.390
85.977	131.557	216.480
78.015	135.365	213.618
69.923	138.786	210.776
61.598	141.908	208.107
53.263	144.543	205.406
44.787	146.763	202.802
36.308	148.634	200.395
27.675	150.108	198.081
19.132	151.021	195.870
10.471	151.680	193.854
1.911	151.823	192.042
-6.644	151.619	190.384
-15.215	150.906	188.857
-23.662	149.741	187.460
-31.952	148.246	186.326
-40.174	146.209	185.394
-48.109	143.870	184.624
-56.020	141.008	184.048
-63.633	137.761	183.678
-71.167	134.098	183.533
-78.285	130.097	183.573
-85.273	125.623	183.811
-91.956	120.919	184.278
-98.217	115.837	184.917
-104.305	110.352	185.781
-109.959	104.608	186.832
-115.392	98.525	188.106
-120.424	92.182	189.528
-125.073	85.566	191.136
-129.425	78.694	192.976
-133.343	71.510	194.940
-136.888	64.169	197.048
-140.044	56.636	199.288
-142.846	48.862	201.759
-145.140	41.016	204.276
-147.141	32.925	206.902
-148.681	24.782	209.636
-149.840	16.549	212.504
-150.501	8.302	215.419
-150.805	-0.128	218.375
-150.444	-8.168	221.416
-149.912	-16.609	224.343
-148.617	-24.598	227.382
-147.297	-32.962	230.192
-145.954	-42.309	233.275
-143.823	-50.807	236.218
-141.278	-58.784	239.019
-138.612	-67.468	241.961
-134.874	-74.928	244.652
-131.235	-82.936	247.244
-127.191	-90.630	249.874
-122.823	-98.102	252.246
-118.184	-105.520	254.581
-113.086	-112.646	256.743
-107.804	-119.523	258.791
-102.123	-126.239	260.725
-96.337	-132.699	262.442
-90.192	-138.829	264.064
-83.832	-144.625	265.420
-77.250	-150.211	266.640
-70.336	-155.541	267.696
-63.264	-160.515	268.461
-56.136	-165.120	269.201
-48.767	-169.419	269.616
-41.300	-173.395	269.920
-33.463	-177.041	269.917
-25.772	-180.167	269.822
-17.833	-183.030	269.466
-9.872	-185.450	268.933
-1.816	-187.452	268.196
6.310	-189.103	267.284
14.413	-190.340	266.200
22.481	-191.111	264.931
30.583	-191.482	263.501
38.691	-191.408	261.881
46.687	-190.789	260.110
54.728	-189.860	258.165
62.380	-188.590	256.193
70.049	-186.705	253.969
77.721	-184.529	251.697
84.964	-181.790	249.302
92.189	-178.821	246.815
99.201	-175.307	244.211
105.988	-171.390	241.522
112.357	-167.654	238.782
118.102	-164.832	236.160
124.738	-158.180	233.197
130.721	-152.192	230.188
136.268	-146.098	227.259
141.447	-140.108	224.350
146.110	-134.629	221.572
150.713	-127.801	218.719
155.008	-120.627	215.847
158.941	-113.066	213.020
162.281	-105.999	210.317
165.330	-98.538	207.675
168.066	-90.637	205.086
170.380	-82.397	202.593
172.364	-74.168	200.182
173.885	-65.675	197.889
175.067	-57.070	195.741
175.789	-48.347	193.709
176.105	-39.579	191.794
176.033	-30.774	190.043
175.498	-21.901	188.441
174.499	-13.056	186.968
173.106	-4.263	185.698
171.321	4.614	184.557
169.178	13.319	183.650
166.599	21.996	182.878
163.619	30.535	182.330
160.264	38.922	181.906
156.521	47.242	181.719
152.410	55.391	181.718
147.993	63.308	181.910
143.272	71.147	182.320
138.214	79.107	183.019
132.744	86.371	183.777
126.963	93.418	184.760
120.986	100.142	185.906
114.702	106.408	187.212
108.240	112.479	188.693
101.434	118.224	190.374
94.492	123.636	192.201
87.311	128.740	194.182
80.021	133.459	196.306
72.560	137.763	198.508
64.886	141.635	200.874
57.010	145.135	203.364
49.141	148.165	205.893
41.149	150.809	208.529
33.003	153.051	211.370
24.842	154.849	214.240
16.725	156.216	217.083
8.515	157.190	220.049
0.294	157.718	223.040
-7.783	157.822	226.143
-15.827	157.447	229.255
-23.916	156.693	232.304
-31.740	155.560	235.386
-39.576	153.929	238.466
-47.201	151.954	241.468
-54.674	149.544	244.432
-61.985	146.783	247.364
-69.079	143.616	250.185
-75.958	139.998	252.915
-82.672	136.166	255.614
-89.172	131.970	258.162
-95.519	127.332	260.584
-101.397	122.409	262.830
-107.114	117.239	264.979
-112.615	111.644	266.956
-117.771	105.868	268.781
-122.662	99.755	270.401
-127.208	93.439	271.874
-131.397	86.867	273.129
-135.276	80.117	274.179
-138.852	73.111	275.106
-142.029	65.923	275.792
-144.819	58.591	276.266
-147.335	51.006	276.603
-149.377	43.354	276.631
-151.059	35.610	276.602
-152.373	27.770	276.279
-153.422	19.698	275.711
-153.971	11.639	275.000
-154.006	3.492	273.973
-153.843	-4.679	272.809
-153.173	-12.860	271.418
-152.190	-21.069	269.822
-150.514	-28.792	268.026
-148.790	-37.083	266.013
-146.417	-44.641	263.874
-144.066	-53.579	261.544
-141.233	-61.739	259.107
-138.108	-69.498	256.469
-134.334	-77.172	253.833
-130.337	-84.793	250.920
-126.140	-92.168	247.923
-121.453	-99.418	244.822
-116.546	-106.451	241.681
-111.251	-113.261	238.466
-105.585	-119.901	235.162
-99.909	-126.084	231.903
-93.780	-132.134	228.604
-87.375	-137.882	225.261
-80.836	-143.234	222.068
-73.864	-148.347	218.711
-66.910	-152.994	215.444
-59.526	-157.337	212.174
-52.090	-161.331	208.982
-44.458	-164.955	205.880
-36.706	-168.132	202.943
-28.748	-170.933	199.961
-20.527	-173.410	197.090
-12.583	-175.278	194.476
-4.435	-176.764	191.984
4.010	-177.914	189.513
12.225	-178.549	187.299
20.675	-178.741	185.222
28.881	-178.437	183.326
37.047	-177.810	181.670
45.338	-176.727	180.152
53.355	-175.098	178.854
61.324	-173.090	177.791
69.324	-170.659	176.877
76.917	-167.820	176.224
84.506	-164.599	175.785
91.947	-160.849	175.548
99.015	-156.792	175.557
105.974	-152.222	175.777
112.633	-147.411	176.232
118.742	-143.431	176.883
125.097	-136.959	177.674
131.152	-130.466	178.808
137.165	-122.514	180.015
141.867	-117.916	181.654
146.879	-110.761	183.350
151.584	-103.306	185.189
155.712	-96.218	187.262
159.500	-88.844	189.503
163.032	-80.956	191.863
166.130	-73.083	194.425
168.821	-64.833	197.063
171.078	-56.673	199.790
173.005	-48.174	202.650
174.552	-39.602	205.666
175.551	-31.120	208.718
176.282	-22.468	211.852
176.540	-13.794	215.045
176.336	-5.326	218.309
175.869	3.422	221.573
174.994	12.098	224.874
173.600	20.682	228.149
171.894	29.144	231.450
169.767	37.507	234.694
167.413	45.761	237.934
164.571	54.011	241.109
161.604	62.220	244.240
158.072	69.958	247.260
154.320	77.688	250.218
149.980	84.631	252.956
145.715	91.653	255.623
140.897	98.572	258.214
135.947	105.103	260.637
130.727	111.362	262.903
125.197	117.384	265.025
119.442	123.098	266.969
113.461	128.429	268.714
107.146	133.548	270.311
100.758	138.178	271.658
94.095	142.472	272.804
87.247	146.444	273.809
80.253	150.102	274.594
73.130	153.305	275.184
65.776	156.134	275.568
58.414	158.549	275.668
50.975	160.610	275.664
43.311	162.236	275.359
35.623	163.487	274.882
27.964	164.296	274.219
20.172	164.751	273.388
12.338	164.803	272.296
4.657	164.401	271.068
-3.102	163.567	269.593
-10.881	162.410	267.933
-18.448	160.842	266.166
-25.840	158.897	264.219
-33.309	156.548	262.117
-40.541	153.749	259.871
-47.704	150.656	257.495
-54.619	147.142	255.003
-61.372	143.357	252.411
-67.978	139.092	249.683
-74.376	134.549	246.908
-80.536	129.650	244.049
-86.485	124.366	241.123
-92.122	118.812	238.161
-97.530	112.982	235.156
-102.728	106.784	232.134
-107.559	100.328	229.103
-112.128	93.575	226.039
-116.315	86.547	222.997
-120.227	79.255	219.984
-123.771	71.781	217.039
-126.889	64.103	214.090
-129.723	56.226	211.203
-132.257	48.174	208.405
-134.299	39.930	205.732
-136.011	31.577	203.075
-137.250	23.099	200.602
-138.091	14.587	198.245
-138.537	5.936	196.016
-138.389	-2.176	193.933
-138.148	-11.026	191.942
-136.860	-18.874	190.035
-136.272	-28.602	188.414
-134.756	-37.189	186.927
-133.087	-46.312	185.687
-130.323	-54.418	184.530
-127.766	-62.787	183.560
-124.653	-70.992	182.790
-121.179	-79.103	182.203
-117.452	-87.063	181.937
-113.450	-94.747	181.686
-108.879	-102.240	181.715
-104.045	-109.543	181.890
-99.134	-116.502	182.312
-93.639	-123.212	182.964
-87.850	-129.703	183.643
-81.822	-135.860	184.593
-75.547	-141.751	185.726
-69.055	-147.198	186.986
-62.361	-152.378	188.561
-55.269	-157.225	190.109
-48.140	-161.583	191.959
-40.733	-165.612	193.926
-33.286	-169.194	195.994
-25.663	-172.397	198.184
-17.847	-175.234	200.487
-10.033	-177.610	202.894
-2.002	-179.617	205.405
5.938	-181.080	208.010
13.854	-182.092	210.710
21.961	-182.782	213.455
29.921	-182.939	216.239
37.761	-182.682	219.064
45.735	-182.092	221.936
53.537	-180.972	224.823
61.279	-179.395	227.687
68.851	-177.513	230.563
76.429	-175.181	233.400
83.800	-172.454	236.197
90.922	-169.195	238.888
97.957	-165.720	241.573
104.279	-163.336	244.247
111.256	-157.682	246.671
117.907	-152.205	248.966
124.284	-146.232	251.236
129.718	-142.522	253.625
135.600	-136.531	255.685
140.792	-130.342	257.596
145.693	-124.096	259.391
150.442	-117.760	261.043
154.879	-110.956	262.470
158.943	-103.815	263.774
162.839	-96.621	264.918
166.181	-89.246	265.885
169.324	-81.637	266.590
172.066	-73.840	267.148
174.443	-65.916	267.503
176.457	-57.931	267.684
178.101	-49.904	267.718
179.365	-41.631	267.444
180.313	-33.388	267.054
180.846	-25.139	266.521
180.993	-16.864	265.749
180.846	-8.508	264.755
180.264	-0.215	263.658
179.340	8.103	262.347
178.045	16.362	260.870
176.394	24.509	259.252
174.372	32.532	257.479
171.999	40.422	255.606
169.312	48.379	253.532
166.279	56.181	251.356
162.794	63.429	249.064
159.151	70.841	246.696
155.035	77.843	244.160
150.646	84.558	241.557
145.983	91.139	238.841
140.935	97.417	236.094
135.648	103.349	233.264
130.005	109.003	230.377
124.149	114.325	227.477
118.018	119.370	224.571
111.653	124.148	221.661
105.039	128.452	218.783
98.193	132.455	215.933
91.143	136.051	213.122
83.968	139.314	210.321
76.537	142.225	207.660
68.966	144.699	205.106
61.307	146.809	202.669
53.478	148.483	200.378
45.627	149.815	198.171
37.631	150.699	196.091
29.674	151.197	194.133
21.622	151.183	192.370
13.577	150.755	190.767
5.556	149.949	189.323
-2.481	148.695	187.972
-10.378	146.984	186.883
-18.284	144.909	186.023
-26.035	142.346	185.279
-33.731	139.464	184.736
-41.296	136.093	184.444
-48.704	132.338	184.245
-55.910	128.282	184.269
-62.872	123.757	184.528
-69.758	118.929	184.942
-76.260	113.792	185.591
-82.722	108.225	186.489
-88.734	102.429	187.444
-94.464	96.330	188.695
-100.074	90.044	190.045
-105.196	83.435	191.593
-110.224	76.528	193.337
-114.716	69.480	195.191
-118.991	62.167	197.172
-122.867	54.663	199.329
-126.486	46.913	201.497
-129.661	39.026	203.969
-132.499	31.020	206.494
-134.864	22.948	209.040
-136.872	14.745	211.628
-138.440	6.528	214.223
-139.648	-1.811	217.019
-140.400	-9.916	219.804
-140.691	-18.031	222.522
-140.633	-26.203	225.361
-140.444	-34.670	228.014
-139.727	-43.301	230.650
-139.096	-52.164	233.618
-137.767	-60.380	236.316
-135.904	-68.576	239.127
-133.531	-75.998	241.682
-131.026	-83.751	244.222
-128.225	-91.268	246.675
-124.991	-98.655	249.048
-121.436	-105.877	251.302
-117.524	-112.861	253.492
-113.414	-119.545	255.414
-108.866	-126.124	257.354
-104.095	-132.382	259.039
-99.008	-138.331	260.577
-93.596	-144.048	262.006
-87.994	-149.454	263.260
-82.136	-154.533	264.378
-76.032	-159.339	265.235
-69.620	-163.844	266.027
-63.175	-167.886	266.563
-56.282	-171.744	266.934
-49.384	-175.138	267.073
-42.373	-178.166	267.133
-35.101	-180.836	266.946
-27.810	-183.066	266.593
-20.458	-184.859	266.075
-12.799	-186.360	265.400
-5.132	-187.411	264.472
2.244	-187.957	263.485
9.995	-188.166	262.272
17.418	-187.872	260.926
25.021	-187.227	259.444
32.684	-186.159	257.746
40.182	-184.607	255.991
47.597	-182.717	254.056
55.009	-180.467	252.013
62.204	-177.632	249.812
69.427	-174.575	247.509
76.334	-171.034	245.115
83.352	-167.101	242.589
90.029	-162.906	240.016
96.183	-159.425	237.404
102.266	-155.063	234.735
108.988	-148.047	231.811
115.290	-140.958	228.737
120.908	-135.163	226.134
125.933	-130.112	223.387
131.107	-123.466	220.511
135.994	-116.462	217.712
140.582	-109.042	214.929
144.677	-101.976	212.200
148.485	-94.497	209.418
151.927	-86.742	206.750
155.139	-78.795	204.163
157.927	-70.653	201.655
160.325	-62.409	199.215
162.405	-54.063	196.889
164.126	-45.535	194.685
165.423	-36.952	192.655
166.350	-28.390	190.681
166.883	-19.709	188.901
167.066	-11.105	187.286
166.867	-2.472	185.813
166.279	6.214	184.491
165.206	14.588	183.323
163.852	23.120	182.408
162.068	31.377	181.652
159.943	39.569	181.068
157.438	47.590	180.661
154.570	55.604	180.459
151.321	63.290	180.476
147.802	70.886	180.719
143.930	78.588	181.229
139.679	85.495	181.781
135.141	92.384	182.603
130.251	98.912	183.625
125.118	105.093	184.823
119.546	110.829	186.230
113.787	116.452	187.765
107.807	121.549	189.496
101.559	126.347	191.388
95.139	130.867	193.425
88.516	134.951	195.567
81.688	138.641	197.878
74.632	141.938	200.316
67.458	144.782	202.966
60.101	147.300	205.671
52.721	149.304	208.414
45.160	150.962	211.287
37.561	152.193	214.337
29.902	153.061	217.345
22.190	153.435	220.369
14.453	153.423	223.554
6.760	152.997	226.735
-0.980	152.183	229.870
-8.607	150.976	233.092
-16.236	149.271	236.232
-23.793	147.232	239.358
-31.245	144.806	242.425
-38.537	141.988	245.475
-45.757	138.812	248.410
-52.870	135.236	251.256
-59.866	131.384	253.994
-66.530	127.147	256.638
-73.186	122.577	259.133
-79.486	117.726	261.493
-85.647	112.618	263.739
-91.532	107.198	265.753
-97.165	101.481	267.626
-102.612	95.587	269.305
-107.745	89.339	270.832
-112.591	82.999	272.102
-117.175	76.335	273.179
-121.420	69.647	274.063
-125.298	62.678	274.653
-128.933	55.559	275.098
-132.207	48.251	275.376
-135.186	40.874	275.325
-137.784	33.275	275.108
-140.032	25.561	274.725
-141.992	17.815	274.159
-143.478	9.925	273.290
-144.686	2.086	272.251
-145.567	-5.922	270.950
-145.964	-13.811	269.481
-146.013	-21.858	267.805
-145.540	-29.386	265.990
-144.845	-37.392	263.937
-143.569	-44.527	261.655
-142.431	-53.045	259.227
-141.087	-61.376	256.889
-139.263	-69.420	254.381
-136.506	-76.241	251.591
-133.467	-83.686	248.760
-130.317	-90.779	245.800
-126.862	-97.736	242.780
-123.102	-104.467	239.594
-118.934	-111.018	236.403
-114.443	-117.289	233.200
-109.599	-123.338	229.965
-104.472	-129.093	226.721
-98.967	-134.615	223.449
-93.242	-139.793	220.175
-87.372	-144.562	216.990
-81.018	-149.076	213.762
-74.535	-153.212	210.628
-67.857	-156.965	207.560
-61.026	-160.352	204.680
-53.864	-163.357	201.753
-46.693	-165.983	199.097
-39.143	-168.193	196.357
-31.578	-170.023	193.876
-23.857	-171.434	191.507
-16.038	-172.417	189.284
-8.218	-172.968	187.239
-0.264	-173.064	185.334
7.673	-172.678	183.648
15.833	-172.004	182.080
23.872	-170.916	180.779
31.745	-169.208	179.604
39.754	-167.119	178.679
47.692	-164.763	177.943
55.350	-161.873	177.403
63.005	-158.547	177.118
70.636	-154.926	176.946
78.055	-150.895	177.036
85.220	-146.479	177.309
92.285	-141.753	177.799
98.854	-137.463	178.425
105.511	-131.614	179.339
112.204	-125.101	180.237
118.266	-118.876	181.694
124.103	-112.731	183.185
129.719	-105.989	184.765
135.126	-98.910	186.664
140.016	-91.833	188.588
144.646	-84.837	190.710
148.927	-77.256	193.030
152.827	-69.497	195.361
156.415	-61.687	197.871
159.692	-53.719	200.442
162.566	-45.665	203.206
165.083	-37.377	206.027
167.184	-29.174	208.915
168.976	-20.851	211.880
170.365	-12.514	214.879
171.349	-4.197	217.930
171.999	4.203	220.992
172.191	12.456	224.071
172.016	20.719	227.166
171.541	28.911	230.266
170.637	36.949	233.317
169.402	44.818	236.428
167.784	52.669	239.435
165.822	60.684	242.405
163.521	68.086	245.228
160.916	75.468	248.028
157.817	82.356	250.672
154.452	89.045	253.250
150.796	95.583	255.700
146.723	101.775	258.039
142.457	107.752	260.205
137.839	113.479	262.249
133.002	118.930	264.160
127.934	124.096	265.911
122.551	128.846	267.451
116.950	133.287	268.815
111.089	137.337	269.998
105.110	141.050	271.010
98.910	144.412	271.811
92.396	147.460	272.456
85.847	150.153	272.829
79.056	152.346	273.017
72.096	154.263	273.087
64.989	155.778	272.956
57.801	156.858	272.624
50.566	157.526	272.041
43.089	157.892	271.204
35.718	157.783	270.274
28.262	157.342	269.080
20.670	156.472	267.720
13.171	155.337	266.243
5.622	153.707	264.594
-1.829	151.795	262.837
-9.283	149.504	260.819
-16.689	146.717	258.710
-24.001	143.712	256.495
-31.203	140.380	254.102
-38.257	136.616	251.645
-45.255	132.483	249.028
-52.007	128.132	246.340
-58.665	123.431	243.552
-65.133	118.393	240.672
-71.303	113.077	237.740
-77.358	107.406	234.766
-83.106	101.380	231.732
-88.598	95.220	228.689
-93.822	88.731	225.571
-98.846	81.963	222.543
-103.610	74.941	219.515
-108.011	67.773	216.411
-112.023	60.409	213.390
-115.816	52.774	210.509
-119.225	45.045	207.588
-122.305	37.189	204.895
-125.077	29.079	202.187
-127.402	21.024	199.662
-129.424	12.903	197.226
-131.108	4.674	194.931
-132.086	-3.071	192.829
-133.062	-11.582	190.766
-133.389	-19.469	188.853
-133.830	-28.281	187.064
-133.559	-36.896	185.591
-133.342	-45.874	184.372
-131.834	-52.915	183.112
-130.162	-61.006	182.112
-128.513	-68.755	181.299
-126.156	-76.457	180.668
-123.521	-84.086	180.277
-120.601	-91.426	180.052
-117.135	-98.550	180.045
-113.453	-105.513	180.305
-109.312	-112.179	180.676
-104.942	-118.621	181.264
-100.118	-124.753	182.096
-95.116	-130.573	183.032
-89.839	-136.132	184.255
-84.212	-141.338	185.625
-78.398	-146.142	187.265
-72.225	-150.654	188.910
-65.819	-154.823	190.840
-59.278	-158.577	192.904
-52.566	-161.926	195.106
-45.603	-164.952	197.432
-38.430	-167.574	199.838
-31.170	-169.783	202.343
-23.796	-171.640	204.980
-16.306	-173.072	207.759
-8.686	-174.126	210.520
-1.152	-174.666	213.411
6.684	-174.880	216.270
14.385	-174.638	219.229
22.118	-173.953	222.129
29.936	-172.999	225.117
37.605	-171.583	228.044
45.260	-169.649	230.929
52.952	-167.497	233.836
60.503	-164.879	236.669
67.809	-161.849	239.420
75.150	-158.423	242.088
81.946	-155.713	244.719
89.149	-151.177	247.207
96.146	-146.067	249.544
103.101	-140.273	251.640
109.136	-136.375	253.960
115.405	-130.954	255.997
121.386	-125.055	257.796
127.140	-119.098	259.493
132.371	-113.228	260.982
137.599	-106.750	262.333
142.532	-100.099	263.473
147.171	-93.269	264.467
151.591	-86.213	265.234
155.637	-79.047	265.796
159.244	-71.667	266.131
162.668	-64.225	266.353
165.627	-56.618	266.385
168.391	-48.877	266.155
170.760	-41.036	265.737
172.757	-33.224	265.171
174.392	-25.201	264.346
175.757	-17.307	263.429
176.739	-9.382	262.288
177.202	-1.511	261.000
177.451	6.363	259.550
177.197	14.240	257.845
176.700	21.988	256.063
175.759	29.557	254.166
174.634	37.090	252.106
172.934	44.485	249.891
170.918	51.643	247.624
168.557	58.698	245.204
165.941	65.611	242.720
162.921	72.305	240.156
159.640	78.759	237.487
155.780	84.988	234.771
151.810	90.971	232.028
147.628	96.703	229.268
142.910	102.050	226.448
137.987	107.162	223.664
132.784	111.973	220.872
127.118	116.461	218.114
121.325	120.688	215.376
115.294	124.523	212.711
108.914	128.033	210.102
102.476	131.175	207.583
95.633	133.919	205.123
88.645	136.404	202.776
81.495	138.401	200.532
74.068	140.018	198.412
66.499	141.238	196.419
58.859	142.053	194.541
50.987	142.485	192.832
43.228	142.466	191.201
35.285	142.103	189.838
27.240	141.257	188.576
19.209	140.012	187.484
11.207	138.405	186.544
3.186	136.410	185.894
-4.703	134.037	185.343
-12.606	131.239	184.982
-20.519	128.088	184.782
-28.121	124.549	184.818
-35.706	120.748	185.078
-43.138	116.473	185.409
-50.487	111.931	186.008
-57.504	107.134	186.761
-64.488	101.894	187.711
-71.192	96.472	188.792
-77.632	90.716	190.058
-83.898	84.708	191.473
-89.919	78.482	193.051
-95.672	71.950	194.732
-101.035	65.310	196.591
-106.289	58.310	198.598
-111.024	51.262	200.654
-115.588	43.982	202.853
-119.787	36.598	205.126
-123.642	29.085	207.553
-127.117	21.482	210.017
-130.217	13.738	212.522
-132.992	5.952	215.129
-135.350	-1.829	217.756
-137.282	-9.571	220.442
-138.702	-17.076	223.103
-140.004	-24.940	225.778
-140.463	-31.940	228.383
-141.349	-40.660	231.007
-141.732	-48.949	233.747
-141.263	-56.337	236.269
-140.741	-64.269	238.935
-139.281	-71.025	241.367
-138.112	-78.531	243.771
-136.243	-85.704	246.096
-133.973	-92.642	248.377
-131.577	-99.421	250.467
-128.677	-106.022	252.572
-125.549	-112.333	254.449
-122.080	-118.427	256.220
-118.190	-124.389	257.859
-114.104	-129.990	259.380
-109.598	-135.364	260.752
-104.735	-140.480	262.026
-99.804	-145.225	263.008
-94.427	-149.756	264.018
-88.946	-153.948	264.721
-83.037	-157.866	265.268
-77.085	-161.420	265.606
-70.698	-164.665	265.825
-64.294	-167.481	265.931
-57.616	-169.965	265.745
-50.719	-172.154	265.427
-43.795	-173.803	264.933
-36.552	-175.243	264.240
-29.372	-176.210	263.387
-21.863	-176.865	262.361
-14.391	-177.173	261.197
-6.832	-177.017	259.844
0.605	-176.411	258.362
8.344	-175.525	256.691
15.926	-174.151	254.875
23.335	-172.432	252.957
31.131	-170.569	250.912
38.612	-168.028	248.695
46.075	-165.147	246.365
53.553	-162.079	244.000
60.872	-158.536	241.474
68.024	-154.617	238.858
74.816	-150.971	236.216
81.526	-147.175	233.545
88.607	-141.040	230.472
95.297	-135.428	227.696
101.909	-129.043	224.691
107.707	-124.041	221.944
113.649	-118.176	219.095
119.325	-111.635	216.213
124.823	-104.788	213.376
129.815	-98.068	210.575
134.620	-91.109	207.767
139.132	-84.005	205.031
143.384	-76.426	202.317
147.293	-68.869	199.774
150.831	-61.126	197.309
153.966	-53.269	194.945
156.770	-45.314	192.673
159.255	-37.254	190.526
161.223	-29.219	188.556
163.009	-21.064	186.685
164.363	-12.986	185.018
165.245	-4.883	183.505
165.929	3.190	182.174
166.007	11.147	181.064
165.693	19.172	180.038
165.082	27.056	179.312
164.095	34.727	178.755
162.673	42.355	178.370
160.902	49.911	178.238
158.776	57.160	178.316
156.179	64.278	178.621
153.371	71.229	179.119
150.245	77.953	179.836
146.574	84.368	180.741
142.671	90.494	181.870
138.434	96.465	183.197
133.857	102.216	184.711
129.007	107.447	186.442
123.734	112.449	188.320
118.391	117.018	190.337
112.667	121.287	192.549
106.753	125.264	194.877
100.698	128.833	197.402
94.202	131.927	200.007
87.667	134.710	202.755
80.841	137.107	205.567
73.979	139.149	208.508
66.871	140.702	211.494
59.504	142.018	214.681
52.155	142.861	217.777
44.686	143.286	220.984
37.048	143.414	224.166
29.476	143.099	227.394
21.784	142.398	230.685
14.036	141.258	233.912
6.295	139.870	237.146
-1.364	138.061	240.301
-9.059	135.962	243.356
-16.575	133.431	246.379
-24.132	130.583	249.250
-31.597	127.381	252.098
-38.851	123.850	254.798
-46.017	119.996	257.355
-53.086	115.820	259.760
-59.954	111.396	262.006
-66.671	106.737	264.072
-73.268	101.706	265.953
-79.582	96.445	267.643
-85.688	90.968	269.151
-91.615	85.234	270.464
-97.311	79.337	271.525
-102.800	73.113	272.439
-107.943	66.840	273.079
-112.859	60.286	273.508
-117.428	53.662	273.685
-121.754	46.834	273.746
-125.734	39.925	273.535
-129.395	32.909	273.136
-132.768	25.653	272.421
-135.677	18.557	271.620
-138.357	11.248	270.578
-140.590	3.928	269.331
-142.535	-3.473	267.851
-144.007	-10.840	266.183
-145.158	-18.208	264.345
-145.888	-25.538	262.349
-146.054	-32.495	260.084
-145.859	-39.287	257.807
-145.760	-46.883	255.200
-145.596	-55.195	252.856
-144.295	-61.925	250.011
-143.140	-69.025	247.277
-141.158	-75.207	244.302
-139.036	-82.199	241.427
-136.324	-88.703	238.389
-133.435	-95.061	235.341
-130.348	-101.141	232.184
-126.673	-107.065	229.034
-122.693	-112.709	225.912
-118.370	-118.108	222.775
-113.662	-123.344	219.654
-108.791	-128.226	216.591
-103.563	-132.771	213.563
-97.921	-137.075	210.533
-92.080	-140.985	207.575
-85.920	-144.685	204.858
-79.526	-147.986	202.036
-72.835	-150.937	199.442
-66.050	-153.487	196.987
-58.858	-155.771	194.483
-51.606	-157.615	192.245
-44.105	-159.038	190.158
-36.555	-160.095	188.280
-28.719	-160.763	186.434
-20.885	-160.920	184.860
-12.784	-160.857	183.353
-4.834	-160.338	182.104
3.272	-159.394	181.035
11.355	-158.026	180.160
19.404	-156.236	179.445
27.600	-154.165	178.932
35.579	-151.617	178.636
43.610	-148.742	178.521
51.699	-145.568	178.586
59.403	-141.952	178.876
67.140	-137.998	179.304
74.785	-133.808	179.962
81.919	-130.327	180.738
89.137	-124.582	181.702
96.486	-118.811	182.823
103.365	-113.142	184.293
110.054	-107.694	185.864
116.424	-101.538	187.473
122.581	-95.064	189.387
128.342	-88.609	191.339
133.955	-82.248	193.405
139.156	-75.315	195.714
144.087	-68.332	197.992
148.790	-61.124	200.431
153.078	-53.778	203.004
156.978	-46.344	205.569
160.538	-38.838	208.281
163.728	-31.303	211.067
166.555	-23.688	213.884
169.004	-16.096	216.747
171.064	-8.429	219.628
172.804	-0.799	222.540
174.098	6.982	225.384
174.996	14.466	228.373
175.539	22.164	231.198
175.691	29.610	234.083
175.446	36.873	236.911
174.888	44.227	239.717
173.905	51.282	242.490
172.563	58.347	245.192
170.927	65.359	247.755
168.842	71.971	250.280
166.457	78.498	252.686
163.686	84.455	254.947
160.520	90.291	257.061
157.081	96.006	259.112
153.298	101.336	260.988
149.186	106.391	262.688
144.789	111.203	264.257
140.159	115.789	265.688
135.153	120.044	266.919
129.896	123.918	267.986
124.411	127.546	268.865
118.641	130.806	269.556
112.792	133.635	269.993
106.446	136.188	270.350
100.062	138.405	270.455
93.380	140.222	270.393
86.632	141.666	270.094
79.737	142.890	269.616
72.580	143.763	269.031
65.287	144.217	268.215
57.923	144.283	267.155
50.409	144.062	266.011
42.916	143.459	264.655
35.233	142.461	263.143
27.581	141.194	261.388
19.877	139.505	259.515
12.223	137.491	257.500
4.505	135.182	255.336
-3.144	132.628	253.013
-10.728	129.611	250.604
-18.283	126.245	248.108
-25.675	122.636	245.496
-32.959	118.789	242.719
-40.249	114.499	239.904
-47.235	109.893	237.042
-54.109	105.183	234.072
-60.811	100.116	231.032
-67.387	94.776	228.024
-73.650	89.158	224.948
-79.839	83.302	221.869
-85.619	77.272	218.817
-91.210	71.059	215.753
-96.576	64.548	212.842
-101.654	57.857	209.891
-106.352	51.011	207.011
-110.862	44.015	204.249
-114.960	36.888	201.484
-118.722	29.616	198.967
-122.057	22.295	196.469
-125.129	14.872	194.122
-127.800	7.279	191.938
-129.887	0.046	189.909
-131.787	-7.513	187.946
-132.831	-14.253	186.224
-134.385	-22.641	184.589
-135.555	-31.102	183.216
-135.924	-38.540	182.048
-135.974	-46.094	181.100
-135.208	-53.182	180.346
-134.412	-60.473	179.695
-133.181	-67.613	179.335
-131.595	-74.576	179.183
-129.589	-81.442	179.206
-127.185	-88.108	179.477
-124.372	-94.554	179.951
-121.261	-100.803	180.592
-117.714	-106.835	181.563
-113.864	-112.548	182.543
-109.642	-117.974	183.824
-105.105	-123.139	185.270
-100.222	-128.066	186.886
-95.011	-132.656	188.713
-89.580	-136.931	190.750
-83.856	-140.845	192.778
-77.702	-144.540	195.010
-71.578	-147.743	197.508
-64.962	-150.716	199.938
-58.239	-153.292	202.543
-51.353	-155.540	205.275
-44.275	-157.421	208.012
-37.027	-158.913	210.930
-29.597	-160.073	213.746
-22.193	-160.795	216.735
-14.467	-161.237	219.683
-6.842	-161.274	222.666
0.921	-160.924	225.646
8.711	-160.258	228.630
16.490	-159.143	231.556
24.309	-157.679	234.415
32.188	-155.870	237.208
39.913	-153.764	239.964
47.604	-151.227	242.663
55.226	-148.733	245.172
62.214	-147.490	247.781
70.421	-141.904	249.884
77.894	-137.359	251.810
85.160	-133.264	254.028
92.017	-129.382	255.989
98.967	-124.680	257.717
105.697	-119.595	259.289
112.207	-114.302	260.639
118.327	-109.222	261.873
124.395	-103.481	262.833
130.193	-97.656	263.697
135.736	-91.539	264.266
140.941	-85.294	264.695
145.854	-78.927	264.914
150.537	-72.246	264.873
154.853	-65.489	264.750
158.883	-58.683	264.341
162.602	-51.713	263.785
165.941	-44.692	263.040
168.936	-37.624	262.125
171.622	-30.362	260.980
173.912	-23.192	259.672
175.814	-16.054	258.304
177.372	-8.755	256.607
178.601	-1.498	254.889
179.462	5.637	253.001
179.898	12.822	250.948
179.953	19.807	248.836
179.643	26.744	246.562
178.985	33.567	244.193
177.984	40.314	241.758
176.582	46.855	239.313
174.791	53.225	236.681
172.630	59.618	234.061
170.111	65.828	231.388
167.219	71.605	228.710
163.917	77.168	226.001
160.333	82.489	223.303
156.320	87.751	220.555
151.974	92.492	217.862
147.278	96.992	215.205
142.260	101.306	212.629
136.904	105.255	210.072
131.340	109.036	207.603
125.338	112.321	205.229
119.172	115.515	202.959
112.708	118.230	200.768
106.046	120.749	198.710
99.102	122.799	196.780
91.962	124.476	194.973
84.674	125.931	193.251
77.192	126.943	191.746
69.470	127.586	190.392
61.679	127.890	189.139
53.720	127.878	188.127
45.693	127.404	187.227
37.638	126.579	186.477
29.453	125.481	185.891
21.257	123.885	185.537
13.048	121.963	185.288
4.831	119.729	185.348
-3.289	117.173	185.501
-11.432	114.345	185.830
-19.499	111.073	186.335
-27.422	107.497	187.042
-35.327	103.741	187.893
-42.956	99.579	188.927
-50.501	95.162	190.063
-57.876	90.509	191.394
-65.010	85.598	192.877
-72.041	80.334	194.462
-78.811	74.902	196.240
-85.249	69.220	198.084
-91.631	63.334	200.017
-97.570	57.301	202.097
-103.259	51.068	204.238
-108.670	44.704	206.492
-113.760	38.162	208.747
-118.502	31.483	211.216
-122.869	24.715	213.648
-126.901	17.783	216.084
-130.641	10.804	218.638
-133.957	3.807	221.224
-136.830	-3.209	223.764
-139.407	-10.227	226.403
-141.241	-16.749	228.967
-143.302	-24.101	231.486
-144.141	-30.116	234.062
-145.653	-37.767	236.536
-146.488	-45.319	238.903
-147.094	-52.544	241.452
-146.900	-59.469	243.794
-146.626	-66.399	246.124
-145.500	-72.237	248.219
-144.298	-78.626	250.289
-142.486	-84.909	252.321
-140.469	-91.024	254.173
-138.060	-96.966	255.893
-135.474	-102.655	257.460
-132.359	-108.155	258.910
-128.836	-113.513	260.253
-125.097	-118.604	261.367
-120.871	-123.509	262.478
-116.490	-128.063	263.307
-111.730	-132.425	263.996
-106.610	-136.469	264.512
-101.230	-140.219	264.891
-95.645	-143.686	264.997
-89.739	-146.851	265.084
-83.651	-149.724	264.888
-77.245	-152.255	264.493
-70.600	-154.534	263.985
-63.735	-156.492	263.207
-56.843	-157.971	262.385
-49.660	-159.215	261.307
-42.414	-160.090	260.088
-35.051	-160.615	258.748
-27.559	-160.776	257.252
-19.978	-160.520	255.594
-12.277	-159.967	253.769
-4.492	-159.190	251.784
3.266	-157.961	249.711
11.105	-156.361	247.466
18.935	-154.460	245.145
26.738	-152.220	242.690
34.513	-149.651	240.143
42.246	-146.676	237.498
49.911	-143.578	234.823
56.945	-141.213	232.030
64.775	-136.905	229.136
72.372	-132.006	226.245
79.675	-126.904	223.137
86.738	-122.290	220.374
93.683	-116.812	217.412
100.082	-112.261	214.614
106.586	-106.461	211.659
112.833	-100.518	208.830
118.841	-94.389	205.934
124.488	-88.463	203.212
129.779	-82.218	200.553
134.870	-75.596	197.969
139.669	-68.931	195.444
144.134	-61.998	193.042
148.317	-55.006	190.748
152.146	-47.924	188.597
155.581	-40.755	186.612
158.605	-33.574	184.810
161.343	-26.285	183.140
163.664	-18.909	181.633
165.616	-11.641	180.278
167.176	-4.342	179.213
168.360	2.980	178.225
169.149	10.221	177.512
169.531	17.418	177.012
169.496	24.544	176.768
169.023	31.578	176.658
168.176	38.436	176.813
166.928	45.174	177.195
165.290	51.748	177.815
163.253	58.122	178.589
160.851	64.432	179.601
158.075	70.524	180.834
154.912	76.469	182.291
151.478	82.210	183.961
147.534	87.372	185.773
143.351	92.514	187.718
138.843	97.279	189.907
133.927	101.583	192.177
128.684	105.623	194.652
123.195	109.404	197.192
117.410	112.838	199.922
111.382	115.889	202.765
105.155	118.740	205.736
98.728	121.298	208.774
92.038	123.411	211.905
85.162	125.226	215.113
78.151	126.776	218.318
70.900	127.878	221.591
63.655	128.712	224.854
56.135	129.157	228.187
48.586	129.271	231.487
40.924	128.965	234.675
33.169	128.405	237.967
25.397	127.505	241.061
17.518	126.211	244.179
9.722	124.606	247.118
1.756	122.660	249.971
-6.127	120.473	252.675
-13.785	117.929	255.338
-21.499	115.047	257.814
-29.221	111.919	260.085
-36.692	108.464	262.247
-44.184	104.809	264.204
-51.487	100.870	265.965
-58.579	96.630	267.477
-65.519	92.262	268.915
-72.370	87.661	270.076
-78.930	82.776	271.053
-85.271	77.769	271.718
-91.393	72.515	272.271
-97.348	67.186	272.519
-102.958	61.643	272.571
-108.396	55.922	272.400
-113.515	50.045	272.048
-118.313	44.055	271.465
-122.878	37.892	270.666
-126.998	31.650	269.637
-130.900	25.263	268.463
-134.431	18.819	267.006
-137.612	12.247	265.388
-140.414	5.694	263.611
-142.860	-0.885	261.669
-144.979	-7.581	259.528
-146.627	-14.276	257.230
-147.856	-20.852	254.837
-148.582	-27.109	252.199
-148.955	-33.438	249.569
-149.333	-40.301	246.817
-149.415	-47.341	243.828
-148.923	-54.017	241.021
-148.439	-61.350	238.198
-146.322	-66.493	235.089
-144.681	-72.501	231.998
-142.497	-78.498	228.974
-140.014	-84.184	225.857
-137.040	-89.752	222.758
-133.801	-95.182	219.784
-130.113	-100.377	216.795
-126.055	-105.313	213.830
-121.706	-109.954	210.917
-116.929	-114.406	208.081
-111.790	-118.602	205.374
-106.427	-122.479	202.676
-100.682	-126.127	200.149
-94.659	-129.462	197.730
-88.347	-132.484	195.428
-81.842	-135.221	193.230
-74.880	-137.636	191.081
-67.758	-139.740	189.136
-60.576	-141.421	187.432
-52.926	-142.893	185.799
-45.331	-143.939	184.375
-37.471	-144.679	183.162
-29.612	-145.018	182.150
-21.446	-144.972	181.259
-13.255	-144.587	180.537
-4.957	-143.869	180.048
3.242	-142.768	179.778
11.657	-141.404	179.621
19.878	-139.543	179.674
28.213	-137.385	179.868
36.565	-134.971	180.328
44.748	-132.237	180.944
52.910	-129.089	181.708
60.945	-126.001	182.620
68.454	-123.690	183.712
76.811	-118.120	184.908
84.623	-113.350	186.179
92.269	-108.526	187.913
99.316	-104.292	189.706
106.513	-99.082	191.443
113.457	-93.665	193.475
120.056	-88.229	195.616
126.318	-82.815	197.803
132.351	-76.961	200.043
138.136	-70.906	202.475
143.579	-64.683	204.874
148.736	-58.368	207.479
153.508	-51.939	210.097
157.935	-45.387	212.678
161.993	-38.648	215.402
165.679	-31.945	218.127
168.966	-25.175	220.899
171.924	-18.292	223.687
174.470	-11.424	226.410
176.679	-4.507	229.171
178.439	2.338	231.899
179.835	9.054	234.653
180.897	16.031	237.269
181.530	22.672	239.903
181.751	29.312	242.491
181.550	35.735	244.889
181.054	42.176	247.344
180.142	48.448	249.625
178.861	54.566	251.810
177.259	60.826	253.936
175.180	66.498	255.901
172.751	72.172	257.739
170.051	77.576	259.492
166.860	82.381	261.035
163.335	87.377	262.410
159.473	91.964	263.674
155.345	96.321	264.785
150.869	100.441	265.690
146.025	104.191	266.437
141.013	107.860	266.988
135.640	111.161	267.394
129.985	114.206	267.599
124.121	116.939	267.643
117.998	119.376	267.467
111.576	121.462	267.126
105.014	123.289	266.603
98.236	124.785	265.881
91.326	125.977	264.959
84.166	126.761	263.872
76.846	127.353	262.586
69.398	127.524	261.179
61.756	127.492	259.611
54.068	127.011	257.828
46.257	126.297	255.966
38.404	125.313	253.896
30.530	123.956	251.706
22.558	122.340	249.294
14.595	120.281	246.928
6.662	118.046	244.409
-1.292	115.500	241.716
-9.159	112.670	239.060
-17.071	109.494	236.207
-24.811	106.136	233.373
-32.365	102.542	230.486
-39.833	98.544	227.547
-47.123	94.301	224.571
-54.336	89.892	221.604
-61.354	85.178	218.626
-68.132	80.193	215.636
-74.795	75.089	212.706
-81.057	69.670	209.827
-87.124	64.138	206.953
-92.984	58.407	204.124
-98.548	52.471	201.462
-103.824	46.367	198.856
-108.755	40.030	196.338
-113.292	33.681	194.032
-117.612	27.143	191.793
-121.541	20.491	189.676
-125.012	13.882	187.805
-128.169	7.159	186.034
-130.768	0.863	184.506
-133.279	-6.146	183.111
-134.742	-12.040	181.989
-136.972	-19.905	180.937
-138.537	-27.307	180.059
-139.356	-33.987	179.590
-140.183	-41.601	179.339
-139.685	-47.238	179.189
-139.301	-53.782	179.223
-138.564	-60.198	179.474
-137.268	-66.592	179.967
-135.612	-72.748	180.628
-133.711	-78.790	181.517
-131.354	-84.622	182.540
-128.475	-90.279	183.823
-125.261	-95.801	185.276
-121.743	-101.083	186.899
-117.722	-106.123	188.802
-113.516	-110.858	190.690
-108.861	-115.366	192.834
-103.911	-119.596	195.119
-98.580	-123.553	197.492
-92.992	-127.216	199.979
-87.228	-130.603	202.732
-81.143	-133.628	205.390
-74.789	-136.392	208.247
-68.168	-138.867	211.152
-61.441	-141.013	214.038
-54.357	-142.848	216.973
-47.257	-144.359	220.006
-39.882	-145.544	222.975
-32.511	-146.357	225.938
-24.826	-146.944	228.893
-17.089	-147.171	231.781
-9.240	-147.004	234.623
-1.286	-146.639	237.422
6.541	-145.863	240.133
14.519	-144.816	242.723
22.521	-143.457	245.204
30.461	-141.758	247.569
38.008	-140.893	249.877
46.161	-137.979	251.950
54.193	-134.854	253.860
62.167	-131.332	255.390
69.847	-128.233	257.206
77.381	-125.203	258.698
84.752	-121.402	259.986
91.979	-117.291	261.084
99.163	-112.921	261.977
105.978	-108.705	262.697
112.481	-104.154	263.254
118.979	-99.118	263.503
125.157	-93.965	263.629
131.135	-88.551	263.518
136.773	-83.139	263.263
142.134	-77.491	262.805
147.222	-71.640	262.031
152.056	-65.703	261.174
156.562	-59.645	260.182
160.722	-53.505	258.897
164.534	-47.277	257.463
168.005	-40.954	255.921
171.107	-34.662	254.207
173.867	-28.152	252.284
176.276	-21.778	250.310
178.299	-15.300	248.159
179.915	-8.935	245.959
181.225	-2.427	243.632
182.095	3.996	241.182
182.594	10.312	238.681
182.726	16.558	236.119
182.463	22.839	233.510
181.785	28.883	230.858
180.683	34.904	228.113
179.196	40.774	225.429
177.343	46.602	222.740
175.062	52.072	220.070
172.416	57.466	217.426
169.370	62.693	214.831
166.003	68.054	212.263
162.162	73.011	209.812
158.022	77.465	207.387
153.478	81.807	205.007
148.590	85.955	202.733
143.482	89.840	200.555
137.895	93.399	198.467
132.033	96.619	196.527
125.846	99.515	194.726
119.438	102.252	192.972
112.705	104.557	191.486
105.807	106.672	190.084
98.617	108.484	188.819
91.269	109.942	187.709
83.678	111.063	186.796
75.923	111.844	186.065
68.005	112.357	185.466
59.996	112.590	185.062
51.817	112.418	184.848
43.613	112.025	184.765
35.258	111.204	184.993
26.913	110.161	185.195
18.513	108.803	185.653
10.121	107.077	186.235
1.701	105.021	187.073
-6.694	102.694	188.016
-14.982	100.131	189.171
-23.151	97.237	190.419
-31.200	93.963	191.773
-39.241	90.529	193.320
-47.080	86.882	194.971
-54.726	82.875	196.807
-62.248	78.659	198.646
-69.596	74.311	200.688
-76.693	69.602	202.757
-83.538	64.817	204.917
-90.207	59.787	207.145
-96.546	54.534	209.518
-102.639	49.105	211.942
-108.445	43.483	214.402
-113.947	37.862	216.915
-119.035	32.020	219.353
-123.874	26.057	221.961
-128.301	20.122	224.482
-132.422	14.057	227.070
-136.192	7.923	229.638
-139.572	1.759	232.178
-142.552	-4.551	234.698
-145.094	-10.734	237.103
-147.122	-16.611	239.544
-148.895	-22.767	241.823
-150.401	-29.047	244.163
-150.738	-33.911	246.262
-151.887	-40.989	248.291
-152.512	-47.854	250.332
-152.765	-54.211	252.348
-152.133	-59.978	254.106
-151.439	-66.429	255.942
-149.889	-71.416	257.388
-147.945	-76.937	258.784
-145.956	-82.268	260.048
-143.356	-87.576	261.228
-140.541	-92.680	262.210
-137.338	-97.590	263.012
-133.757	-102.303	263.677
-129.950	-106.699	264.079
-125.648	-111.007	264.456
-121.111	-115.031	264.533
-116.012	-118.954	264.545
-110.915	-122.521	264.351
-105.398	-125.863	263.988
-99.507	-129.019	263.425
-93.638	-131.731	262.660
-87.294	-134.318	261.825
-80.783	-136.584	260.713
-74.013	-138.566	259.471
-66.975	-140.287	258.084
-59.828	-141.658	256.506
-52.515	-142.752	254.853
-44.956	-143.569	252.921
-37.419	-144.057	250.917
-29.551	-144.322	248.773
-21.783	-144.147	246.580
-13.855	-143.610	244.216
-5.916	-142.806	241.744
2.188	-141.755	239.182
10.139	-140.279	236.539
18.347	-138.586	233.771
26.319	-136.442	230.973
34.233	-134.265	228.147
42.030	-132.686	225.260
49.913	-129.757	222.369
57.921	-125.437	219.326
65.845	-121.498	216.200
73.678	-116.944	213.203
81.115	-113.036	210.504
88.110	-109.252	207.708
95.189	-104.985	204.869
101.970	-100.132	202.129
108.716	-94.947	199.445
115.088	-89.610	196.834
121.162	-84.524	194.352
126.943	-79.083	191.891
132.524	-73.235	189.623
137.750	-67.489	187.513
142.674	-61.383	185.442
147.322	-55.228	183.612
151.548	-48.985	181.934
155.424	-42.625	180.437
158.949	-36.178	179.177
162.063	-29.755	178.004
164.845	-23.203	177.106
167.210	-16.549	176.401
169.208	-9.931	175.898
170.785	-3.345	175.673
171.981	3.222	175.556
172.693	9.664	175.720
173.047	16.127	176.174
173.025	22.601	176.765
172.542	28.773	177.592
171.589	34.902	178.547
170.274	40.872	179.853
168.553	46.789	181.258
166.481	52.508	182.938
163.962	57.983	184.706
161.061	63.361	186.716
157.771	68.555	188.896
154.255	73.823	191.335
150.293	78.525	193.859
145.902	82.910	196.464
141.348	87.174	199.250
136.322	91.040	202.114
130.997	94.613	205.159
125.461	97.937	208.199
119.548	101.085	211.342
113.437	103.870	214.573
107.115	106.366	217.849
100.506	108.553	221.139
93.808	110.539	224.402
86.792	112.139	227.714
79.683	113.521	230.993
72.304	114.530	234.271
64.892	115.240	237.453
57.341	115.625	240.554
49.660	115.690	243.575
41.910	115.465	246.506
34.001	114.937	249.368
26.129	114.132	252.086
18.127	113.042	254.596
10.203	111.674	257.134
2.162	109.992	259.381
-5.856	108.031	261.442
